     0     14         14 -3.743977450138427976e+00 5.964204011298380692e+02 0.000000000000000000e+00
     0     15         15 -4.628241286213024885e+00 8.345134250323803826e+02 -7.561870713038144913e+02
     0     16         16 -5.505424030242119571e+00 1.209831872659962301e+03 -7.294971371704111789e+02
     0     17         17 -6.327516883782703161e+00 1.315124827174867960e+03 -8.396670039854078595e+02
     0     18         18 -7.461327045148040682e+00 1.890740429085841924e+03 -8.802249394267888647e+02
     0     19         19 -8.377894717672383251e+00 2.093875506284702624e+03 -7.224695763278128879e+02
     0     20         20 -9.144232787317623234e+00 2.076492024262955056e+03 -5.696623140231386060e+02
     0     21         21 -9.704854372139767094e+00 2.014228958822865025e+03 -3.881263601007063926e+02
     0     22         22 -1.004832633188023117e+01 1.960201101729550601e+03 -4.341402592581309818e+02
     0     23         23 -1.071613174512770605e+01 1.669115785261661586e+03 -3.770522671244822845e+02
     0     24         24 -1.092662411248315202e+01 9.576479791948419233e+02 0.000000000000000000e+00
     1     12         66 -2.306138553714817352e+00 0.000000000000000000e+00 0.000000000000000000e+00
     1     13         67 -2.722194580293344490e+00 0.000000000000000000e+00 -4.826269141511000953e+02
     1     14         68 -3.430359741378972149e+00 5.421927312837552790e+02 -6.298809723981174784e+02
     1     15         69 -4.189426336570337916e+00 8.110200794883799063e+02 -6.177157769457876384e+02
     1     16         70 -4.869254142074293412e+00 1.239587479146057376e+03 -6.210040847469072105e+02
     1     17         71 -5.635980453690886627e+00 1.413743680280399303e+03 -6.859589409252979522e+02
     1     18         72 -6.467112762562349459e+00 1.833268178349359687e+03 -7.044300292834502670e+02
     1     19         73 -7.276865246741192728e+00 2.131664723680325096e+03 -6.805380751951674938e+02
     1     20         74 -8.052344130133906930e+00 2.245869801998285311e+03 -5.876416982212820130e+02
     1     21         75 -8.645705708233728970e+00 2.308773390313865093e+03 -4.143778329091974229e+02
     1     22         76 -9.017587314456255498e+00 2.497732650418006415e+03 -5.120459882198355217e+02
     1     23         77 -9.838455080754103577e+00 2.400965781301290463e+03 -6.033682637812959229e+02
     1     24         78 -1.042306091366523013e+01 1.894307322749885543e+03 -3.430430652648662999e+02
     1     25         79 -1.063753252741983069e+01 0.000000000000000000e+00 -3.586857271673115974e+02
     1     26         80 -1.125857605459657407e+01 0.000000000000000000e+00 -2.522637014347828597e+02
     1     27         81 -1.122515039479549515e+01 0.000000000000000000e+00 0.000000000000000000e+00
     2      9        117 -8.644769474160745037e-01 0.000000000000000000e+00 0.000000000000000000e+00
     2     11        119 -1.379448952587620125e+00 0.000000000000000000e+00 0.000000000000000000e+00
     2     12        120 -2.229180599197128299e+00 2.056561853786467680e+02 -4.878263117955757480e+02
     2     13        121 -2.515781509973647800e+00 1.962723448964090665e+02 -4.055118140841395871e+02
     2     14        122 -3.173771461982682673e+00 3.725848767202017484e+02 -5.407178617614425775e+02
     2     15        123 -3.775318553840942393e+00 6.744119611377732326e+02 -4.413277708277543638e+02
     2     16        124 -4.201791276297924149e+00 1.181169657180120339e+03 -4.573799009745668513e+02
     2     17        125 -4.840729869311751976e+00 1.523973695337309437e+03 -5.716324507710813805e+02
     2     18        126 -5.533340126704636930e+00 1.975994467849262264e+03 -5.560984411776574916e+02
     2     19        127 -6.136094117902334055e+00 2.515831100023444378e+03 -5.361884794374217336e+02
     2     20        128 -6.782326520729594854e+00 2.507489541255657514e+03 -4.897014151844015259e+02
     2     21        129 -7.276794502479447146e+00 2.216121804157764927e+03 -2.744154947516042853e+02
     2     22        130 -7.421544318944862439e+00 2.095233604000629839e+03 -3.925173020671089148e+02
     2     23        131 -8.191116216768387304e+00 2.337081154186268122e+03 -6.494863184870765735e+02
     2     24        132 -8.934444364367031710e+00 1.934904802744798189e+03 -5.600884776857834595e+02
     2     25        133 -9.495774774172804911e+00 1.688469445936889542e+03 -7.028976168312257187e+02
     2     26        134 -1.057175958743166611e+01 1.533999122199756584e+03 -7.145526665740503631e+02
     2     27        135 -1.116023902991666716e+01 9.192546921261246098e+02 -3.842177931536427877e+02
     2     28        136 -1.146674859669702151e+01 0.000000000000000000e+00 8.225895168182768202e+01
     2     29        137 -1.096862672309285003e+01 0.000000000000000000e+00 0.000000000000000000e+00
     3      9        171 -9.605299415734160906e-01 -9.133407282970652830e+01 0.000000000000000000e+00
     3     10        172 -1.141769565585368351e+00 0.000000000000000000e+00 -1.985967294375688539e+02
     3     11        173 -1.423137070368186263e+00 6.869186697023127408e+01 -4.070128076058325632e+02
     3     12        174 -2.089856811747307752e+00 0.000000000000000000e+00 -4.690710510863252125e+02
     3     13        175 -2.515781509973647800e+00 0.000000000000000000e+00 -4.072620635463408689e+02
     3     14        176 -3.038524669560305647e+00 0.000000000000000000e+00 -4.140108277474545275e+02
     3     15        177 -3.480169800035614713e+00 1.054064561329364324e+03 -2.526564771280227717e+02
     3     16        178 -3.627057460541331935e+00 1.545887570121570434e+03 -2.374445380751994605e+02
     3     17        179 -4.033268213680432979e+00 1.838397997406062586e+03 -3.271119827923189405e+02
     3     18        180 -4.389025372009327519e+00 2.241328032894244188e+03 -2.566269312980629707e+02
     3     19        181 -4.631049698780517865e+00 0.000000000000000000e+00 -4.405790454890080241e+02
     3     20        182 -5.415301120950510416e+00 2.924352836199864214e+03 -7.229542447119141571e+02
     3     21        183 -6.315084417495794966e+00 2.714311158311982581e+03 -6.005028595445420478e+02
     3     22        184 -6.814100106581733485e+00 2.395668831137902089e+03 -4.574353441724656477e+02
     3     23        185 -7.380624881209195465e+00 2.422397701872586822e+03 -6.757534005554314263e+02
     3     24        186 -8.388186151651888522e+00 1.404768051011346643e+03 -6.358778326128770004e+02
     3     25        187 -8.861825600084868526e+00 1.176037015892512954e+03 -5.396863477200405441e+02
     3     26        188 -9.645320407968975829e+00 1.265374425300723260e+03 -5.995482487347327378e+02
     3     27        189 -1.025840093496870509e+01 1.089948530938576141e+03 -6.370672252388218340e+02
     3     28        190 -1.112929167351606807e+01 4.791977108758397321e+02 -4.610466880612921159e+02
     3     29        191 -1.133235358871278642e+01 -1.361111705145972053e+02 -2.750184750734183012e+02
     3     30        192 -1.176991404166652089e+01 0.000000000000000000e+00 -7.508889004779747722e+01
     3     31        193 -1.150726410172965686e+01 0.000000000000000000e+00 0.000000000000000000e+00
     4      9        225 -9.605299415734160906e-01 -2.609544937991617886e+01 0.000000000000000000e+00
     4     10        226 -1.008556438652086884e+00 0.000000000000000000e+00 -1.488285119360024851e+02
     4     11        227 -1.307208010162434819e+00 0.000000000000000000e+00 0.000000000000000000e+00
     4     15        231 -2.666794056749865138e+00 0.000000000000000000e+00 0.000000000000000000e+00
     4     16        232 -2.576032946023413928e+00 0.000000000000000000e+00 -1.032695814172791415e+02
     4     17        233 -2.907348091484376340e+00 2.279731199042945718e+03 -2.576554695813899798e+02
     4     18        234 -3.176210287004171740e+00 2.518862837518763627e+03 0.000000000000000000e+00
     4     20        236 -3.706882306025199192e+00 0.000000000000000000e+00 0.000000000000000000e+00
     4     21        237 -4.422244105754456811e+00 3.701328315198459222e+03 -5.131053852575740848e+02
     4     22        238 -4.902099416172823965e+00 0.000000000000000000e+00 -5.243101883424793641e+02
     4     23        239 -5.643561453295206753e+00 0.000000000000000000e+00 -1.096857520275122624e+03
     4     24        240 -7.457096719443809363e+00 3.041751232057932611e+03 -1.122794541835884957e+03
     4     25        241 -8.258975920069804744e+00 2.404585964743479508e+03 -7.658309549680573127e+02
     4     26        242 -9.241007563410157388e+00 1.926238605464893226e+03 -7.534198364727723174e+02
     4     27        243 -1.001397656038629691e+01 1.015258570902879342e+03 -7.391603147501217563e+02
     4     28        244 -1.096279236769156640e+01 6.065236743886256363e+02 -4.712816379551545651e+02
     4     29        245 -1.111177029548739270e+01 4.142777990945444344e+02 -3.085096895867256421e+02
     4     30        246 -1.168142848072960227e+01 1.579212657810155633e+02 -3.638044067092455975e+02
     4     31        247 -1.195920878305601853e+01 -7.618213261293135474e+02 -1.331034004342121762e+02
     4     32        248 -1.199147679865544269e+01 0.000000000000000000e+00 0.000000000000000000e+00
     5      9        279 -9.879736541897994329e-01 0.000000000000000000e+00 0.000000000000000000e+00
     5     12        282 -1.239646975689808972e+00 0.000000000000000000e+00 0.000000000000000000e+00
     5     14        284 -1.502970571153293911e+00 0.000000000000000000e+00 0.000000000000000000e+00
     5     17        287 -1.635751046672421660e+00 0.000000000000000000e+00 0.000000000000000000e+00
     5     18        288 -1.740021446974223229e+00 0.000000000000000000e+00 3.994554434083999439e+01
     5     19        289 -1.542702718897873471e+00 0.000000000000000000e+00 0.000000000000000000e+00
     5     21        291 -2.422521039784185426e+00 3.970127679514613646e+03 0.000000000000000000e+00
     5     24        294 -5.189277964718186809e+00 0.000000000000000000e+00 0.000000000000000000e+00
     5     25        295 -6.333002845700828054e+00 0.000000000000000000e+00 -1.043317220131838212e+03
     5     26        296 -7.619559596214319441e+00 0.000000000000000000e+00 -1.226800823689957952e+03
     5     27        297 -9.190687402025201180e+00 2.371898820087679269e+03 -1.232891213446615666e+03
     5     28        298 -1.049143098092477722e+01 1.514804681527103867e+03 -7.323770730278515657e+02
     5     29        299 -1.089667146283038512e+01 5.650750036232076354e+02 -4.775531815635744124e+02
     5     30        300 -1.160383352046096483e+01 1.663454320987253254e+02 -6.060733131361193955e+02
     5     31        301 -1.230844614825979733e+01 -4.520805605593224641e+02 -2.580494262165613577e+02
     5     32        302 -1.220492853590888238e+01 -4.572063855176434686e+02 1.599942911006343707e+02
     5     33        303 -1.193575874379331836e+01 0.000000000000000000e+00 3.681287610286902350e+02
     5     34        304 -1.134741698650648445e+01 0.000000000000000000e+00 0.000000000000000000e+00
     6      6        330 0.000000000000000000e+00 0.000000000000000000e+00 0.000000000000000000e+00
     6     14        338 -5.763179649440496322e-01 0.000000000000000000e+00 0.000000000000000000e+00
     6     15        339 -4.939868270948997164e-01 0.000000000000000000e+00 0.000000000000000000e+00
     6     21        345 -2.469934135474498582e-01 0.000000000000000000e+00 0.000000000000000000e+00
     6     27        351 -7.519529784400786454e+00 0.000000000000000000e+00 0.000000000000000000e+00
     6     28        352 -9.369722873292406717e+00 2.737655703104115673e+03 -1.287025210270980324e+03
     6     29        353 -1.051749978569987753e+01 1.858117981518857732e+03 -9.173111428482048950e+02
     6     30        354 -1.150648854514531649e+01 1.213266484649753693e+03 -8.230291003214750845e+02
     6     31        355 -1.243464681069129441e+01 7.951765775563629859e+02 -4.146241456177284022e+02
     6     32        356 -1.247230548521481097e+01 4.729793972325505820e+02 -2.159573426712091404e+01
     6     33        357 -1.248495146904000208e+01 -2.359494698083396713e+02 2.990107364679598732e+02
     6     34        358 -1.177579603781358131e+01 -5.026884424151942881e+02 6.202342570467409359e+02
     6     35        359 -1.104019057269931814e+01 0.000000000000000000e+00 7.574718145093142994e+02
     6     36        360 -1.001135680336347633e+01 0.000000000000000000e+00 0.000000000000000000e+00
     7     28        406 -7.612329906067810903e+00 0.000000000000000000e+00 0.000000000000000000e+00
     7     29        407 -8.942550836289880678e+00 0.000000000000000000e+00 -1.165783376079688423e+03
     7     30        408 -1.032788167739964180e+01 2.536648426137004662e+03 -1.085969366159955825e+03
     7     31        409 -1.147218549775222662e+01 2.157263397491325122e+03 -5.922737306153414920e+02
     7     32        410 -1.170751189969221073e+01 1.451761595074706293e+03 -3.055377866373499387e+02
     7     33        411 -1.218389892130609553e+01 8.704144807723329222e+02 -7.236508328275682800e+01
     7     34        412 -1.187607763336384359e+01 3.693402125759155297e+01 3.540814825906142005e+02
     7     35        413 -1.135910881280568319e+01 -5.487115682576378504e+02 4.989736269870334695e+02
     7     36        414 -1.071377874969895494e+01 -1.215945474706430787e+03 7.416611450864797916e+02
     7     37        415 -9.631498625876826480e+00 0.000000000000000000e+00 0.000000000000000000e+00
     8      0        432 0.000000000000000000e+00 0.000000000000000000e+00 0.000000000000000000e+00
     8      6        438 0.000000000000000000e+00 0.000000000000000000e+00 0.000000000000000000e+00
     8     30        462 -8.838780110536681889e+00 3.396884544719263886e+03 0.000000000000000000e+00
     8     31        463 -1.016592494058012974e+01 3.301957963405042847e+03 -9.044281049549871341e+02
     8     32        464 -1.094553629941968609e+01 2.277998346708980534e+03 -6.025813969473883844e+02
     8     33        465 -1.156956562840225189e+01 1.869002106839687485e+03 -3.397546421813424331e+02
     8     34        466 -1.173695376112372912e+01 5.139336249744814040e+02 -2.047179423134463860e+01
     8     35        467 -1.161725220399420699e+01 -2.076607185062791245e+02 1.918226425170990126e+02
     8     36        468 -1.129012605079853593e+01 -8.785241230416351073e+02 5.920917300406896402e+02
     8     37        469 -1.023804593008949482e+01 -1.258102063673147995e+03 8.598707770840536568e+02
     8     38        470 -9.287160783203686876e+00 0.000000000000000000e+00 7.231890187374776815e+02
     8     39        471 -8.553464333597382563e+00 0.000000000000000000e+00 0.000000000000000000e+00
     9      0        486 0.000000000000000000e+00 0.000000000000000000e+00 0.000000000000000000e+00
     9      3        489 0.000000000000000000e+00 0.000000000000000000e+00 0.000000000000000000e+00
     9      4        490 0.000000000000000000e+00 0.000000000000000000e+00 0.000000000000000000e+00
     9     30        516 -6.755491645746962703e+00 0.000000000000000000e+00 0.000000000000000000e+00
     9     31        517 -7.999626581452870866e+00 3.977582911377825894e+03 -1.097427700727251477e+03
     9     32        518 -9.311817115612640805e+00 3.536149465817599321e+03 -9.524877098970603129e+02
     9     33        519 -1.021833182365728199e+01 2.941101221818201338e+03 -8.688038089576567700e+02
     9     34        520 -1.133559080355853510e+01 1.633775508169308523e+03 -5.834888196195928458e+02
     9     35        521 -1.157749865531914857e+01 6.441511614233953651e+02 -1.296922381155102073e+02
     9     36        522 -1.163769323027772451e+01 -2.651960727490087777e+01 2.674086099990266234e+02
     9     37        523 -1.095460255004598338e+01 -6.954650036079758593e+02 6.176229200302392428e+02
     9     38        524 -1.019901512856785075e+01 -1.189377557829611305e+03 6.932289302237819584e+02
     9     39        525 -9.339809366308749361e+00 -1.343461439277181171e+03 6.478644259231953129e+02
     9     40        526 -8.689893086259406374e+00 0.000000000000000000e+00 0.000000000000000000e+00
    10     31        571 -5.982833830001176523e+00 3.435818346471496625e+03 0.000000000000000000e+00
    10     32        572 -7.226686001207753840e+00 3.495358361439759392e+03 -1.070531436335158560e+03
    10     33        573 -8.476507695880382443e+00 3.154624705751828060e+03 -1.198637126434408856e+03
    10     34        574 -1.001876662155325981e+01 2.524671416597520420e+03 -1.057497225611778504e+03
    10     35        575 -1.093981993991453017e+01 1.887432357457587386e+03 -5.577662527749546371e+02
    10     36        576 -1.131801583610768880e+01 1.046555106150936126e+03 -1.271725356737278645e+01
    10     37        577 -1.096944324829235917e+01 -5.090114712753968096e-01 3.348644704162935000e+02
    10     38        578 -1.053798943973462698e+01 -5.146534156547359089e+02 4.306320342302316249e+02
    10     39        579 -9.966337862385570290e+00 -1.046383690312889939e+03 5.510008887771874697e+02
    10     40        580 -9.254499324653396641e+00 -1.279520054332714835e+03 6.291886316209610186e+02
    10     41        581 -8.500718830446862384e+00 0.000000000000000000e+00 0.000000000000000000e+00
    11     29        623 -1.978532303265690739e+00 0.000000000000000000e+00 0.000000000000000000e+00
    11     31        625 -4.386291170749779589e+00 2.759552942160600651e+03 0.000000000000000000e+00
    11     32        626 -5.635865459595079230e+00 2.736874676012929740e+03 -1.079440821153918478e+03
    11     33        627 -6.900718374017806411e+00 2.777544785082446197e+03 -1.307048882312606565e+03
    11     34        628 -8.680478189892468777e+00 2.655236623888950817e+03 -1.155599948324736260e+03
    11     35        629 -9.592549078601212642e+00 2.752385684139946534e+03 -7.970311719919633333e+02
    11     36        630 -1.053706617640833798e+01 1.915593632514311594e+03 -5.849578590385724510e+02
    11     37        631 -1.095513786041112603e+01 8.291325264026500008e+02 -8.723042820583697221e+01
    11     38        632 -1.074025893819309907e+01 7.989501218005656824e+01 2.210381505038370733e+02
    11     39        633 -1.044025614786595035e+01 -4.139947717160317211e+02 3.025429626488921144e+02
    11     40        634 -1.003552159591946946e+01 -9.516692202410188202e+02 4.258262597052720935e+02
    11     41        635 -9.448345234098368906e+00 -1.375039355890887009e+03 7.571965369252533264e+02
    11     42        636 -8.271723587400650501e+00 0.000000000000000000e+00 0.000000000000000000e+00
    12     30        678 -2.295913361798897157e+00 0.000000000000000000e+00 0.000000000000000000e+00
    12     31        679 -3.080704160119480672e+00 2.202598016769368769e+03 -8.811329541443807329e+02
    12     32        680 -4.348406306459022375e+00 0.000000000000000000e+00 -1.062408491483606667e+03
    12     33        681 -5.555456605662225655e+00 2.354560808475140675e+03 -1.235495017984030255e+03
    12     34        682 -7.226342939798737319e+00 2.559234434264501033e+03 -1.068856039178476294e+03
    12     35        683 -8.045227835931878957e+00 2.724983986721382280e+03 -8.916997611360205838e+02
    12     36        684 -9.303449986900401925e+00 2.327224376115621453e+03 -8.810262646973264964e+02
    12     37        685 -1.009747226039273293e+01 1.797465655714387594e+03 -4.939154784648723080e+02
    12     38        686 -1.045396652363802126e+01 9.723332789259561650e+02 -1.306142221950106830e+02
    12     39        687 -1.040172233782611144e+01 3.456337269219505401e+02 8.527097955172571631e+01
    12     40        688 -1.025533806116708213e+01 -9.054154996540255240e+01 1.952968846195238655e+02
    12     41        689 -9.946801799546035383e+00 -5.296847237328878464e+02 5.158301052252207910e+02
    12     42        690 -9.053774044478888783e+00 -1.040801376581240902e+03 8.348653406961252585e+02
    12     43        691 -8.002083680151661937e+00 0.000000000000000000e+00 8.943849642257746382e+02
    12     44        692 -6.970412140637639808e+00 0.000000000000000000e+00 0.000000000000000000e+00
    13     31        733 -2.069892395561160559e+00 0.000000000000000000e+00 0.000000000000000000e+00
    13     33        735 -4.424505405816431036e+00 1.814800019969107552e+03 0.000000000000000000e+00
    13     34        736 -5.989016804829592644e+00 2.044010013911945634e+03 -9.883615469168742038e+02
    13     35        737 -6.726774424673088504e+00 2.205742981815072199e+03 -9.017789132620048349e+02
    13     36        738 -8.089602021178516011e+00 2.265500012062396763e+03 -1.003713196348980205e+03
    13     37        739 -9.064803259344250463e+00 2.202972407934350485e+03 -6.989357276650325730e+02
    13     38        740 -9.717688501267542023e+00 1.707883383829418563e+03 -4.344339288451933498e+02
    13     39        741 -1.007676470021623771e+01 1.194356540422255648e+03 -1.773230331076774178e+02
    13     40        742 -1.013074112024790630e+01 6.271681274124613310e+02 3.063808842671840438e+01
    13     41        743 -1.000539696843644499e+01 2.682844528163856239e+02 3.281738848392061527e+02
    13     42        744 -9.366299636035973819e+00 -1.988676783582528458e+02 5.991331845164834249e+02
    13     43        745 -8.609788475588796786e+00 -7.237879728916511795e+02 7.524468279606793431e+02
    13     44        746 -7.613565501695420679e+00 -1.055173946927238831e+03 8.881400774167377676e+02
    13     45        747 -6.540973282383510501e+00 0.000000000000000000e+00 0.000000000000000000e+00
    14     33        789 -3.646892032615623780e+00 1.486345073723111682e+03 0.000000000000000000e+00
    14     34        790 -5.076725870932252249e+00 1.890194549534239741e+03 -8.923533800027813641e+02
    14     35        791 -5.725521606035494315e+00 2.086494357751849293e+03 -7.917016093090090862e+02
    14     36        792 -6.920899283968107163e+00 2.339089035030495779e+03 -8.822771214849281023e+02
    14     37        793 -7.780679750519253979e+00 2.406198351550376628e+03 -7.456678497544831998e+02
    14     38        794 -8.657842606178913769e+00 2.158052187838384725e+03 -5.859834194356761827e+02
    14     39        795 -9.145657451583041109e+00 1.922490760183620750e+03 -4.026496001375763854e+02
    14     40        796 -9.595766286782939858e+00 1.394306987743605532e+03 -2.228055037161576308e+02
    14     41        797 -9.664656000278707637e+00 8.150831974374251558e+02 1.428920285184852332e+02
    14     42        798 -9.262916540325372594e+00 8.241019322489533749e+01 3.869651651678524900e+02
    14     43        799 -8.763267319262341815e+00 -3.713181754712528004e+02 5.077803998218412858e+02
    14     44        800 -8.080103341512414161e+00 -9.051660689882708084e+02 6.903306105639117050e+02
    14     45        801 -7.155225421611133285e+00 -1.370847591267490088e+03 8.754968310049954425e+02
    14     46        802 -6.040739065941798991e+00 0.000000000000000000e+00 0.000000000000000000e+00
    15     33        843 -2.861365930493656951e+00 0.000000000000000000e+00 0.000000000000000000e+00
    15     34        844 -4.001162322952168005e+00 0.000000000000000000e+00 -7.174065614804100051e+02
    15     35        845 -4.532477990218239050e+00 1.849265133272147068e+03 -6.991123400993130872e+02
    15     36        846 -5.629660200405910864e+00 2.252832687335562696e+03 -8.593734574057750706e+02
    15     37        847 -6.534284811603459531e+00 2.383745089229105361e+03 -7.806701187570545244e+02
    15     38        848 -7.448137086691205333e+00 2.252624161573514812e+03 -6.528178990708591982e+02
    15     39        849 -8.054945372179009411e+00 2.101482402669602379e+03 -5.221381900627611685e+02
    15     40        850 -8.664395026200548244e+00 1.839919532277912822e+03 -4.693335153413829630e+02
    15     41        851 -9.148201190611239042e+00 1.264646951556088652e+03 -2.641203764598542989e+02
    15     42        852 -9.279631588032735579e+00 4.989093824834706083e+02 6.349750973847426394e+01
    15     43        853 -9.000291400007322196e+00 -1.864877908436119469e+02 3.065765772306078247e+02
    15     44        854 -8.565498427078724220e+00 -6.076002256161795003e+02 4.368732251389989756e+02
    15     45        855 -7.982647912618491937e+00 -1.189709817941329902e+03 6.618407325419813105e+02
    15     46        856 -7.023820264161534155e+00 -1.623043305771376936e+03 6.935169468864786495e+02
    15     47        857 -6.367183828802729373e+00 0.000000000000000000e+00 0.000000000000000000e+00
    16     35        899 -3.780711224341977150e+00 1.325186991870006977e+03 0.000000000000000000e+00
    16     36        900 -4.551670383406810849e+00 1.981150596688010637e+03 -6.409704790604990876e+02
    16     37        901 -5.273774648901541795e+00 2.292111817172477913e+03 -7.457619948219229400e+02
    16     38        902 -6.288833005197534298e+00 2.198842823374747240e+03 -7.134191827720615038e+02
    16     39        903 -6.935598590836317356e+00 2.096473048488626773e+03 -5.889772019463899824e+02
    16     40        904 -7.660784361544767052e+00 1.969496890107487388e+03 -6.006193968646523444e+02
    16     41        905 -8.334669036099359829e+00 1.695702996670170705e+03 -4.625463103703850152e+02
    16     42        906 -8.738230204590861305e+00 1.329033849644662268e+03 -2.681921489487305621e+02
    16     43        907 -8.959390300854495948e+00 6.264892481782650293e+02 8.214203999149919611e+00
    16     44        908 -8.719096207076688643e+00 -6.215339122908493330e+00 2.373966206788450393e+02
    16     45        909 -8.406403505005245691e+00 -4.259678317691317488e+02 4.170452885020554277e+02
    16     46        910 -7.747639506668278386e+00 -9.868291010263570797e+02 5.252913856515085627e+02
    16     47        911 -7.182800576673731285e+00 -1.270725459775096169e+03 5.953305801473885595e+02
    16     48        912 -6.360888722072479240e+00 0.000000000000000000e+00 0.000000000000000000e+00
    17     33        951 -2.015547808322881274e+00 0.000000000000000000e+00 0.000000000000000000e+00
    17     34        952 -2.696143436014690753e+00 0.000000000000000000e+00 -4.822208366676702553e+02
    17     35        953 -3.138823087465734130e+00 1.237480841001947510e+03 -3.649069998616187149e+02
    17     36        954 -3.546150281349794486e+00 1.857347448168790834e+03 -4.228269031897053765e+02
    17     37        955 -4.123747361977836867e+00 2.034738878060795059e+03 -6.823865821749934639e+02
    17     38        956 -5.135687522985421971e+00 2.272588642311999592e+03 -7.411447556217743795e+02
    17     39        957 -5.850154681929559786e+00 2.290743985364979380e+03 -6.256831340660054366e+02
    17     40        958 -6.593140921162246038e+00 2.212470956602974638e+03 -6.502729023300391873e+02
    17     41        959 -7.364886979545306467e+00 1.943791184691689068e+03 -5.532761888874980514e+02
    17     42        960 -7.881931073430181733e+00 1.749714819695309188e+03 -4.192303770737994455e+02
    17     43        961 -8.341433580241599088e+00 1.316578354242636351e+03 -2.962608069413669796e+02
    17     44        962 -8.572034891663761869e+00 6.330682019373457479e+02 -3.828937249895046335e+01
    17     45        963 -8.430624055458670441e+00 5.154838629460346766e+01 2.191139066567365035e+02
    17     46        964 -8.061635473080471570e+00 -3.832280588282048370e+02 3.121263547705047472e+02
    17     47        965 -7.703563357075154272e+00 -7.888832748283443834e+02 5.624265219216322294e+02
    17     48        966 -6.751530723616374630e+00 -8.966340725836651018e+02 0.000000000000000000e+00
    18     35       1007 -2.479293951379617500e+00 1.171163836513126853e+03 0.000000000000000000e+00
    18     36       1008 -2.598360101057460625e+00 1.638485064786814064e+03 -2.810249695528345342e+02
    18     37       1009 -3.133907723986294691e+00 1.638823299688787756e+03 -5.582891864626188863e+02
    18     38       1010 -3.898827426567117893e+00 2.175488502640620027e+03 -5.978381732345342243e+02
    18     39       1011 -4.526499644241856579e+00 2.254053228376789320e+03 -6.161190932878494095e+02
    18     40       1012 -5.334002545254703520e+00 2.201748466126978656e+03 -7.572614083696937541e+02
    18     41       1013 -6.290448762966459384e+00 1.956591521031088405e+03 -6.714711323659186064e+02
    18     42       1014 -6.898113563054822706e+00 1.897715943959619608e+03 -5.513657656846439750e+02
    18     43       1015 -7.574788814796396430e+00 1.552097620911889180e+03 -4.959286419628193130e+02
    18     44       1016 -8.053319521356518962e+00 1.277726993819869222e+03 -3.337382380368022723e+02
    18     45       1017 -8.352191788674497630e+00 6.545925933899225129e+02 -4.179144739526988417e+01
    18     46       1018 -8.150667657664982357e+00 -1.258071013293323759e+01 1.458538780846285761e+02
    18     47       1019 -8.012442770876480935e+00 -4.087211687812232412e+02 3.635383866346779769e+02
    18     48       1020 -7.303848831775811234e+00 -9.100224049396640567e+02 5.168768780774355491e+02
    18     49       1021 -6.808440423078632620e+00 0.000000000000000000e+00 0.000000000000000000e+00
    19     35       1061 -1.907149193368936846e+00 0.000000000000000000e+00 0.000000000000000000e+00
    19     36       1062 -1.823010258367365966e+00 0.000000000000000000e+00 -2.116883308275691036e+02
    19     37       1063 -2.400251628644861857e+00 1.271932468069739571e+03 -4.399406398816724959e+02
    19     38       1064 -2.847798918443327665e+00 1.711741155955965041e+03 -4.633811711204355106e+02
    19     39       1065 -3.479642179116995138e+00 1.789253292674537761e+03 -6.138273038361593308e+02
    19     40       1066 -4.277635590012216937e+00 1.853447500278065263e+03 -7.845707091035631038e+02
    19     41       1067 -5.307205020170593812e+00 1.992191185459174676e+03 -6.905405826114495085e+02
    19     42       1068 -5.886166592223776028e+00 1.966983290023766358e+03 -6.018510045286981267e+02
    19     43       1069 -6.709144346944824200e+00 1.718002761744614872e+03 -5.761729911702508389e+02
    19     44       1070 -7.228292083863126827e+00 1.575740646568576267e+03 -4.434943242218008663e+02
    19     45       1071 -7.742210886086999366e+00 1.312359686480180017e+03 -3.634333269018194414e+02
    19     46       1072 -8.074866185775688265e+00 5.081783579440542553e+02 -1.679378102809340589e+02
    19     47       1073 -8.133401760428997207e+00 1.327644434885193050e+02 1.572501636094399657e+02
    19     48       1074 -7.708570895335172146e+00 -3.165583809014761414e+02 2.932211139638118311e+02
    19     49       1075 -7.450378540374182457e+00 -7.034175210970372518e+02 3.160276918227214082e+02
    19     50       1076 -6.972422502822463564e+00 0.000000000000000000e+00 0.000000000000000000e+00
    20     37       1117 -1.796258825400236514e+00 9.769938456218998226e+02 0.000000000000000000e+00
    20     38       1118 -2.098646418998578511e+00 1.341495524409678865e+03 -3.642785236156556721e+02
    20     39       1119 -2.644801711119872056e+00 1.381194404127213602e+03 -5.521416105450547320e+02
    20     40       1120 -3.384793707857449707e+00 1.505832363010965082e+03 -6.656391482965899513e+02
    20     41       1121 -4.195327825416647727e+00 1.790298677673103612e+03 -6.202120722024961879e+02
    20     42       1122 -4.829502927279143876e+00 1.830851314675086769e+03 -6.751561663924587720e+02
    20     43       1123 -5.768022685535603600e+00 1.571920604734631752e+03 -6.725666011850595396e+02
    20     44       1124 -6.396165707570730774e+00 1.475873917137041417e+03 -5.168776942948464921e+02
    20     45       1125 -6.972026934613468008e+00 1.399254741543316186e+03 -5.237737342439611439e+02
    20     46       1126 -7.616233449989842974e+00 1.021661154476336264e+03 -3.867089698457593840e+02
    20     47       1127 -7.872818839526321000e+00 5.257086931454402929e+02 -8.813188231330070010e+00
    20     48       1128 -7.636762709030360696e+00 2.095722165087446740e+02 1.393580205765333631e+02
    20     49       1129 -7.548201138338553662e+00 -1.141896906940315262e+02 3.109163749049147327e+02
    20     50       1130 -6.912520512810023554e+00 6.239104583669513460e+01 0.000000000000000000e+00
    21     37       1171 -1.372779829371760574e+00 0.000000000000000000e+00 0.000000000000000000e+00
    21     38       1172 -1.436992876666631336e+00 0.000000000000000000e+00 -2.808929813353525446e+02
    21     39       1173 -2.027086151344698717e+00 1.174403244883754724e+03 -5.396326211215933881e+02
    21     40       1174 -2.694001983352514173e+00 1.245211100040143492e+03 -5.998685934291003150e+02
    21     41       1175 -3.424407690557809580e+00 1.365725596478263697e+03 -5.438012501514443784e+02
    21     42       1176 -3.960721408591835857e+00 1.486784039267468415e+03 -7.004441865041570736e+02
    21     43       1177 -5.056007943579797548e+00 1.281176574421157511e+03 -7.364379421413319733e+02
    21     44       1178 -5.676164774222022480e+00 1.238858706230783355e+03 -5.214493892221569240e+02
    21     45       1179 -6.270661404606107325e+00 1.139190645050965713e+03 -5.685009921760720317e+02
    21     46       1180 -7.000419269511812814e+00 1.037500710991556844e+03 -5.623257786091501202e+02
    21     47       1181 -7.580531484674264853e+00 5.793090375652925559e+02 -2.093911908266107105e+02
    21     48       1182 -7.488170794209842107e+00 -3.771314005324649088e+01 4.320232319606284399e+00
    21     49       1183 -7.570468024541968433e+00 -3.146896269734007205e+02 2.495784382499097944e+02
    21     50       1184 -6.906807923558093698e+00 -3.870544684446890642e+02 5.449780352023753949e+02
    21     51       1185 -6.301007420456643082e+00 0.000000000000000000e+00 0.000000000000000000e+00
    22     39       1227 -1.409721039424562061e+00 9.095575827878035398e+02 0.000000000000000000e+00
    22     40       1228 -2.075246779628155736e+00 8.433109557315652864e+02 -5.792610647604976748e+02
    22     41       1229 -2.759039826044836108e+00 9.376122474884809890e+02 -5.111468879690191329e+02
    22     42       1230 -3.265901806553279219e+00 1.022438541210146695e+03 -7.133283006427323016e+02
    22     43       1231 -4.420652069020485797e+00 1.098609939499900975e+03 -7.844997598007562374e+02
    22     44       1232 -5.093299379763069901e+00 1.034767227048412678e+03 -5.809814039026063028e+02
    22     45       1233 -5.773978178184982823e+00 9.258507850346645682e+02 -6.146827032613226720e+02
    22     46       1234 -6.525128601124537298e+00 9.602702005026374081e+02 -6.394839324085082808e+02
    22     47       1235 -7.263578871608720178e+00 7.102590911997555168e+02 -4.942499972119752556e+02
    22     48       1236 -7.676424358937768311e+00 -2.728931753953314754e+01 -2.642638808014259553e+02
    22     49       1237 -7.879149709496772402e+00 -1.986369358543903445e+02 1.531959925506372429e+02
    22     50       1238 -7.319572771011724654e+00 -3.419348356114401781e+02 3.618857900677813859e+02
    22     51       1239 -7.036180407993190222e+00 -5.338083677733960712e+02 3.848100031128324758e+02
    22     52       1240 -6.423204280071921346e+00 0.000000000000000000e+00 0.000000000000000000e+00
    23     39       1281 -1.070534817559583463e+00 0.000000000000000000e+00 0.000000000000000000e+00
    23     40       1282 -1.807120014837473754e+00 7.228234928745830530e+02 -5.872024927310063731e+02
    23     41       1283 -2.438352202834385807e+00 8.191985267451603931e+02 -4.629288512229572916e+02
    23     42       1284 -2.885456940662002090e+00 8.277328189721914669e+02 -6.277570593923470597e+02
    23     43       1285 -3.900636559926146330e+00 1.062229038179308645e+03 -7.308717955497146477e+02
    23     44       1286 -4.587934639130946124e+00 9.102555814444923499e+02 -5.994465733026140697e+02
    23     45       1287 -5.296975054153771900e+00 7.766735155677189368e+02 -6.021348584155989556e+02
    23     46       1288 -5.990535169299554319e+00 7.927113162621132005e+02 -6.596609680658840489e+02
    23     47       1289 -6.833575718621758277e+00 6.534069125704666021e+02 -6.552538819098926979e+02
    23     48       1290 -7.516870058098685803e+00 3.524559681382036729e+02 -4.060275200271645417e+02
    23     49       1291 -7.779367856203130316e+00 1.485111512611783837e+02 1.075224964440374578e+02
    23     50       1292 -7.266409370746537810e+00 5.600144141177491264e+01 3.936550679488071864e+02
    23     51       1293 -6.862395853516875199e+00 2.701098064372234830e+02 3.641630210481586118e+02
    23     52       1294 -6.418135534327308989e+00 3.629361951898717820e+01 0.000000000000000000e+00
    24     37       1333 -4.939868270948997164e-01 0.000000000000000000e+00 0.000000000000000000e+00
    24     40       1336 -1.315077451941176978e+00 0.000000000000000000e+00 0.000000000000000000e+00
    24     41       1337 -1.897516093824248573e+00 0.000000000000000000e+00 -4.637824976724781436e+02
    24     42       1338 -2.395402844212947802e+00 8.319076022806262927e+02 -6.036050527131340004e+02
    24     43       1339 -3.303541264291210311e+00 0.000000000000000000e+00 -7.472424398323659034e+02
    24     44       1340 -4.136013984101421848e+00 1.061457552544470673e+03 -7.099038145920444549e+02
    24     45       1341 -4.957176580033501700e+00 8.995394850221484830e+02 -6.677515071542993610e+02
    24     46       1342 -5.691460583589049271e+00 7.755788858448261180e+02 -6.951362534372268556e+02
    24     47       1343 -6.576412643157290461e+00 6.517151028527584913e+02 -6.930161785834876582e+02
    24     48       1344 -7.305758188039848555e+00 5.089412400540720682e+02 -4.922138714006648570e+02
    24     49       1345 -7.722965491466911914e+00 2.516897313664222509e+02 1.935290698946703358e+01
    24     50       1346 -7.260677925330668359e+00 -1.876047204494328753e+02 4.167850671628803525e+02
    24     51       1347 -6.752114945283235414e+00 -6.717077531182256678e+01 3.759123292572571700e+02
    24     52       1348 -6.385035492503387644e+00 -2.737242130653715435e+02 0.000000000000000000e+00
    25     37       1387 -5.763179649440496322e-01 0.000000000000000000e+00 0.000000000000000000e+00
    25     38       1388 -4.322384737080372519e-01 0.000000000000000000e+00 0.000000000000000000e+00
    25     42       1392 -2.010567498139308462e+00 5.386821842921510779e+02 0.000000000000000000e+00
    25     44       1394 -3.471635180078915806e+00 8.487812335902749510e+02 0.000000000000000000e+00
    25     45       1395 -4.350959419219471158e+00 7.086559404953887906e+02 -7.312031619753660152e+02
    25     46       1396 -5.174884756670846464e+00 6.446758843548954019e+02 -7.715485494535382713e+02
    25     47       1397 -6.148188709949931940e+00 5.577451889911606031e+02 -7.756352626008132347e+02
    25     48       1398 -6.981633552786027153e+00 3.758937667277389210e+02 -5.866306992523293502e+02
    25     49       1399 -7.514674171279241754e+00 2.516701855298458099e+02 -2.069535940998243575e+02
    25     50       1400 -7.463706989903602818e+00 -4.732968203751338478e+02 2.496961459897661371e+02
    25     51       1401 -6.933037114644037935e+00 -4.194229651473932563e+02 3.252818518315508527e+02
    25     52       1402 -6.706002147779583922e+00 -5.386835794327499798e+02 4.120492187978363745e+02
    25     53       1403 -5.973218156043726523e+00 0.000000000000000000e+00 6.291667165704644731e+02
    26     36       1440 -3.457907789664297904e-01 0.000000000000000000e+00 0.000000000000000000e+00
    26     38       1442 -2.469934135474498582e-01 0.000000000000000000e+00 0.000000000000000000e+00
    26     41       1445 -1.092837538148136778e+00 0.000000000000000000e+00 0.000000000000000000e+00
    26     42       1446 -1.828888781088316984e+00 5.314208906724263670e+02 -5.817485423637448321e+02
    26     43       1447 -2.447950603834528227e+00 0.000000000000000000e+00 -6.072391346173734519e+02
    26     44       1448 -3.243379107050468946e+00 5.826410234290829067e+02 -7.572644441474042196e+02
    26     45       1449 -4.211906794037167501e+00 4.681535914308016686e+02 -7.599008496617686887e+02
    26     46       1450 -5.013476485926219084e+00 4.642155522036039770e+02 -7.632693355956253072e+02
    26     47       1451 -5.989850654628201099e+00 4.418668350650648335e+02 -8.143657439422307789e+02
    26     48       1452 -6.910443267105574883e+00 3.894301382013119337e+02 -6.304004031725750110e+02
    26     49       1453 -7.458292362246588425e+00 3.865691582583018544e+02 -3.640390744466444062e+02
    26     50       1454 -7.758428384865575289e+00 -7.998455757717189840e+01 1.138003936702846488e+02
    26     51       1455 -7.193208070472919324e+00 9.326092714165882569e+01 3.463915603091339221e+02
    26     52       1456 -6.951551022850793515e+00 2.675532934159884846e+01 3.476416595417999247e+02
    26     53       1457 -6.383418753068086815e+00 -2.182780227966885036e+02 4.877971118203123524e+02
    27     31       1489 0.000000000000000000e+00 0.000000000000000000e+00 0.000000000000000000e+00
    27     32       1490 0.000000000000000000e+00 0.000000000000000000e+00 0.000000000000000000e+00
    27     42       1500 -1.451689895012805653e+00 8.995719743307967065e+02 0.000000000000000000e+00
    27     43       1501 -2.032872140655440862e+00 0.000000000000000000e+00 -6.041099118311766460e+02
    27     44       1502 -2.858891073905006852e+00 7.708872812079523555e+02 -7.837906472913632570e+02
    27     45       1503 -3.858617921799512462e+00 7.123291592789379365e+02 -7.846698121658035916e+02
    27     46       1504 -4.686684763589434866e+00 4.944422747995791951e+02 -7.834164761141140616e+02
    27     47       1505 -5.683492116314361908e+00 3.707849606464195062e+02 -8.093993298105987151e+02
    27     48       1506 -6.572082882040322538e+00 4.938969091048309110e+02 -6.115964562940878295e+02
    27     49       1507 -7.108132297592906212e+00 4.459018768217093225e+02 -4.188846176686718650e+02
    27     50       1508 -7.547824077903852569e+00 2.474417252973479435e+02 1.172735478036795485e+02
    27     51       1509 -6.834957712156991327e+00 4.187077777883741874e+02 3.734727024669412003e+02
    27     52       1510 -6.677864461445174982e+00 3.578128709391371558e+02 2.713958282334410796e+02
    27     53       1511 -6.202773862898694368e+00 1.826793100519203392e+02 4.079117384277312794e+02
    28     39       1551 0.000000000000000000e+00 0.000000000000000000e+00 0.000000000000000000e+00
    28     42       1554 -8.828389782331398372e-01 7.464058961419169691e+02 0.000000000000000000e+00
    28     44       1556 -2.432662698335223084e+00 5.755416116975413843e+02 0.000000000000000000e+00
    28     45       1557 -3.462774006518797520e+00 6.255627394374645291e+02 -8.847100507701004517e+02
    28     46       1558 -4.493488058157129039e+00 3.398467909567220318e+02 -9.174694751761493308e+02
    28     47       1559 -5.599908494433448070e+00 1.273531025662245213e+02 -8.146119652705077669e+02
    28     48       1560 -6.391028382224350324e+00 2.356232247621064744e+02 -5.964866695900266222e+02
    28     49       1561 -6.989352249951796381e+00 1.527412622430010458e+02 -4.753084911008181166e+02
    28     50       1562 -7.498202186056030172e+00 1.008277269147396851e+02 1.015228205670194797e+02
    28     51       1563 -6.752867083943966620e+00 6.206791632939332004e+01 3.962218491319809459e+02
    28     52       1564 -6.575251176178895207e+00 4.851570238049202288e+01 2.410796894785989934e+02
    28     53       1565 -6.191301023534655279e+00 -8.047899560856625101e+01 3.296587529070667415e+02
    29     32       1598 0.000000000000000000e+00 0.000000000000000000e+00 0.000000000000000000e+00
    29     42       1608 -6.667197413791211558e-01 -1.038960504580066413e+02 0.000000000000000000e+00
    29     43       1609 -1.405953658945305662e+00 0.000000000000000000e+00 -6.812516012995935171e+02
    29     44       1610 -2.253613181953710853e+00 -6.587399671475949958e+01 -7.704974242696249576e+02
    29     45       1611 -3.200734480334347154e+00 4.056432587364787423e+01 -8.910811475131947645e+02
    29     46       1612 -4.329279243230990559e+00 6.051666893657982627e+01 -1.008347819856730098e+03
    29     47       1613 -5.549559111492373908e+00 7.472971842776709650e+01 -8.564541136984124705e+02
    29     48       1614 -6.324285805547228634e+00 7.446872130571010473e+01 -6.001342274477892715e+02
    29     49       1615 -6.947499413114331723e+00 -4.583236230402422962e+01 -4.797419962044851331e+02
    29     50       1616 -7.441786924800027236e+00 8.023659326693598359e+01 7.633640803643353934e+01
    29     51       1617 -6.769682957404058676e+00 8.451727698183250936e+01 3.498549056569889899e+02
    29     52       1618 -6.626842117505892915e+00 8.788028436330844784e+01 2.070388466023286185e+02
    29     53       1619 -6.287410934864065659e+00 1.176087076878392992e+02 2.914348636062568971e+02
    30     33       1653 0.000000000000000000e+00 0.000000000000000000e+00 0.000000000000000000e+00
    30     41       1661 -5.545852363385878059e-01 0.000000000000000000e+00 0.000000000000000000e+00
    30     42       1662 -9.921029847361754195e-01 -3.483227515328946993e+02 -4.922008276379759764e+02
    30     43       1663 -1.701107700776212539e+00 -3.421890949492941445e+02 -6.481714406060178817e+02
    30     44       1664 -2.501940180719711027e+00 -2.491659669618228747e+02 -7.379674453687147206e+02
    30     45       1665 -3.420113859703679093e+00 -1.246724707961047045e+02 -8.276472800858255141e+02
    30     46       1666 -4.429844698480996712e+00 -2.043514321536728175e+02 -9.020445072751808766e+02
    30     47       1667 -5.521317745273432109e+00 -6.628484838967253268e+01 -8.083129022755322239e+02
    30     48       1668 -6.312712115021213322e+00 4.296378988360819662e+00 -6.509179547689124092e+02
    30     49       1669 -7.037552614746803492e+00 7.495346709162538978e+00 -4.727044162400397909e+02
    30     50       1670 -7.413820040537963507e+00 4.015276367917420544e+02 1.603729859413006693e+02
    30     51       1671 -6.663983086322764038e+00 4.810269858654962150e+02 3.996728175240373275e+02
    30     52       1672 -6.482830416007244523e+00 5.196220888611040891e+02 2.560197858240084088e+02
    30     53       1673 -6.067615873377656399e+00 6.970247674647951044e+02 3.565022890848474617e+02
    31     37       1711 0.000000000000000000e+00 0.000000000000000000e+00 0.000000000000000000e+00
    31     38       1712 0.000000000000000000e+00 0.000000000000000000e+00 0.000000000000000000e+00
    31     41       1715 -7.619654187189957018e-01 -2.093763581852985283e+02 0.000000000000000000e+00
    31     42       1716 -1.033039146408174069e+00 -1.531819073408920246e+02 -4.309547371634338333e+02
    31     43       1717 -1.765822502188000742e+00 0.000000000000000000e+00 -6.364843644897352988e+02
    31     44       1718 -2.515652708138160776e+00 -2.301804748226385868e+02 -6.722931685984740398e+02
    31     45       1719 -3.331848354247398447e+00 -1.552647034660373606e+02 -8.708483122013346929e+02
    31     46       1720 -4.544188819805976109e+00 -3.064307800149495620e+02 -9.819870163036478061e+02
    31     47       1721 -5.619268672862363090e+00 -2.908429561919145385e+02 -7.622539436176751906e+02
    31     48       1722 -6.319767447249157399e+00 -1.501980549992733529e+02 -5.668239957762522181e+02
    31     49       1723 -6.939616807298594203e+00 5.399775440636367385e+00 -3.004003015006226747e+02
    31     50       1724 -7.019513718800785895e+00 3.131386404395253180e+02 2.901261463662148117e+02
    31     51       1725 -6.263802940983349998e+00 1.572043578606825065e+02 4.031721075467924607e+02
    31     52       1726 -6.080372920205763698e+00 2.674850148204859011e+02 3.045573762832607372e+02
    31     53       1727 -5.554373265103626167e+00 4.763449671351515349e+02 4.516221419273325068e+02
    32     36       1764 0.000000000000000000e+00 0.000000000000000000e+00 0.000000000000000000e+00
    32     40       1768 -6.437428445408894806e-01 0.000000000000000000e+00 0.000000000000000000e+00
    32     41       1769 -7.747793598061305520e-01 0.000000000000000000e+00 -2.187090854501217905e+02
    32     42       1770 -1.153199280948201233e+00 -6.339235670711931334e+02 0.000000000000000000e+00
    32     44       1772 -2.744013298870223050e+00 -8.323141146790026141e+02 0.000000000000000000e+00
    32     45       1773 -3.583400563042435483e+00 -8.439540715219924323e+02 -8.620727153612248230e+02
    32     46       1774 -4.752107716109531310e+00 -6.700082715972268943e+02 -9.632552834444685459e+02
    32     47       1775 -5.827187569165919179e+00 -4.685094291509520303e+02 -7.377770591813753072e+02
    32     48       1776 -6.470670393375760554e+00 -3.348172765344128265e+02 -5.171704903108650342e+02
    32     49       1777 -7.031873851249445195e+00 -4.872626119876569817e+01 -2.635174840786951336e+02
    32     50       1778 -7.084502590119911680e+00 3.197736387013367221e+02 2.289096142660002045e+02
    32     51       1779 -6.498656513234812415e+00 2.447876181047530508e+01 3.790611500707503296e+02
    32     52       1780 -6.201525358981779590e+00 1.183477655312666457e+02 4.001051683102889456e+02
    32     53       1781 -5.566659779692648691e+00 0.000000000000000000e+00 5.450941839473629216e+02
    33     38       1820 -1.728953894832148952e-01 0.000000000000000000e+00 0.000000000000000000e+00
    33     39       1821 -2.881589824720248161e-01 0.000000000000000000e+00 0.000000000000000000e+00
    33     42       1824 -1.699715391073415960e+00 -1.266401931689458934e+03 0.000000000000000000e+00
    33     43       1825 -2.678028818304394765e+00 0.000000000000000000e+00 -7.260535922941163562e+02
    33     44       1826 -3.390969666174138641e+00 -1.352891131781279910e+03 -6.617118076183531912e+02
    33     45       1827 -4.219406666161419572e+00 -1.350026426551797840e+03 -7.975705819451910656e+02
    33     46       1828 -5.248814143118690545e+00 -9.919721460554445684e+02 -8.124815277309536441e+02
    33     47       1829 -6.111984392928872190e+00 -6.031875106540786646e+02 -6.109221440094133868e+02
    33     48       1830 -6.671883595257798838e+00 -2.794594480621486241e+02 -3.773005802096829484e+02
    33     49       1831 -6.990860588915128737e+00 2.007876736631546919e+02 -4.866045900225546283e+00
    33     50       1832 -6.683218462296455442e+00 6.903370976333025055e+02 3.231766997388572236e+02
    33     51       1833 -6.238059444692053646e+00 5.178610316421409152e+02 3.122324930479605314e+02
    33     52       1834 -5.955910527596771864e+00 0.000000000000000000e+00 0.000000000000000000e+00
    34     38       1874 -5.165195732040870347e-01 0.000000000000000000e+00 0.000000000000000000e+00
    34     40       1876 -1.513767328844610516e+00 0.000000000000000000e+00 0.000000000000000000e+00
    34     41       1877 -1.936108773446059361e+00 0.000000000000000000e+00 -4.169628072497192193e+02
    34     42       1878 -2.485031899123633981e+00 -1.496392546990225128e+03 -6.703428331645508251e+02
    34     43       1879 -3.497591554338932429e+00 -1.536844872068458244e+03 -7.219827853177361021e+02
    34     44       1880 -4.166803720346318407e+00 -1.453797810372411050e+03 -6.463467139693991612e+02
    34     45       1881 -5.003178269699790626e+00 -1.427037220073849767e+03 -6.991252602470328839e+02
    34     46       1882 -5.795331693725896294e+00 -1.249038857447992996e+03 -6.260729640354840058e+02
    34     47       1883 -6.461539729773753571e+00 -8.532971086114654327e+02 -4.160923169917556947e+02
    34     48       1884 -6.764568561937414515e+00 -3.045717668917968126e+02 -1.541923277850167437e+02
    34     49       1885 -6.820712160461904539e+00 2.541711623219627825e+02 1.743255924826719934e+02
    34     50       1886 -6.358498119376538860e+00 5.297834020025435393e+02 3.720616755610914765e+02
    34     51       1887 -5.954039360998732988e+00 5.199853129855707721e+02 0.000000000000000000e+00
    35     39       1929 -1.367950247775609585e+00 0.000000000000000000e+00 0.000000000000000000e+00
    35     40       1930 -2.018405129724106573e+00 -1.263981676923678151e+03 0.000000000000000000e+00
    35     42       1932 -3.273421458480849644e+00 -1.646160026158116352e+03 0.000000000000000000e+00
    35     43       1933 -4.294277245030842849e+00 -1.628088574978861061e+03 -7.068229499404762919e+02
    35     44       1934 -4.919880271595411081e+00 -1.600298540725417979e+03 -6.121359245192628578e+02
    35     45       1935 -5.720174052475543114e+00 -1.491117993022846804e+03 -7.051261508943247236e+02
    35     46       1936 -6.562386595980148840e+00 -1.248382575849396062e+03 -5.534497373370127207e+02
    35     47       1937 -7.009368464925225695e+00 -7.985952380491501117e+02 -1.845147924101738113e+02
    35     48       1938 -6.992191550869231165e+00 -1.636387957346431676e+02 1.226984320489810045e+02
    35     49       1939 -6.723557265926388027e+00 2.380740080367924634e+02 3.718280511401023887e+02
    35     50       1940 -6.126062951317690519e+00 3.663240456601101300e+02 4.431862894169067317e+02
    35     51       1941 -5.691208256710634572e+00 4.574548942163395964e+02 4.340793936650296700e+02
    35     52       1942 -5.114927357387980322e+00 0.000000000000000000e+00 0.000000000000000000e+00
    36     36       1980 -9.340518016049993433e-01 0.000000000000000000e+00 0.000000000000000000e+00
    36     37       1981 -9.951412830380741426e-01 0.000000000000000000e+00 0.000000000000000000e+00
    36     39       1983 -2.192579495358025987e+00 -1.915053167839080061e+03 0.000000000000000000e+00
    36     40       1984 -2.843054645910891409e+00 -2.160938224816144611e+03 -4.827886002017125406e+02
    36     41       1985 -3.317177311176389587e+00 0.000000000000000000e+00 -5.895084251596632612e+02
    36     42       1986 -4.216243422663472629e+00 -2.170991353200456615e+03 -8.124999439034933175e+02
    36     43       1987 -5.209797936196628676e+00 -1.959104022262037461e+03 -7.012772734589294714e+02
    36     44       1988 -5.849784251269333879e+00 -1.777203562647107674e+03 -5.845073299581724768e+02
    36     45       1989 -6.571337264851333515e+00 -1.430144141304832829e+03 -5.402424827858239951e+02
    36     46       1990 -7.108213957147613726e+00 -9.680795875292041046e+02 -3.134132675534785335e+02
    36     47       1991 -7.301395671350319638e+00 -3.125089323873825151e+02 7.364705780222314502e+01
    36     48       1992 -6.936662018449755607e+00 1.707149255630002074e+02 3.138423894940872287e+02
    36     49       1993 -6.570337677046388158e+00 3.972590286486076820e+02 4.135928511354484272e+02
    36     50       1994 -5.973247354493974370e+00 6.263757256689692667e+02 4.711076069680036653e+02
    36     51       1995 -5.472949326140264859e+00 0.000000000000000000e+00 0.000000000000000000e+00
    37     20       2018 -5.763179649440496322e-01 0.000000000000000000e+00 0.000000000000000000e+00
    37     28       2026 -5.763179649440496322e-01 0.000000000000000000e+00 0.000000000000000000e+00
    37     35       2033 -6.886927642721160092e-01 0.000000000000000000e+00 0.000000000000000000e+00
    37     39       2037 -3.381947708333579605e+00 -2.144429966981045254e+03 0.000000000000000000e+00
    37     40       2038 -4.290991693006441565e+00 -2.417539648824534652e+03 -5.165647963511523812e+02
    37     41       2039 -4.585223099389723167e+00 -2.264107519204115306e+03 -5.433159032371160038e+02
    37     42       2040 -5.556580561145740838e+00 -2.276585944831192137e+03 -7.595922008316796337e+02
    37     43       2041 -6.354601518041416597e+00 -1.882723646390469867e+03 -5.290359094591767644e+02
    37     44       2042 -6.788905906066263540e+00 -1.633840400218834247e+03 -3.733214817541019670e+02
    37     45       2043 -7.224208884088020532e+00 -1.077733417710879166e+03 -3.398234158437109045e+02
    37     46       2044 -7.580483567722113847e+00 -4.685094529708488835e+02 -4.886056291919128114e+01
    37     47       2045 -7.338023672414879073e+00 9.352686482293150050e+01 3.296273700842636458e+02
    37     48       2046 -6.812656364934322362e+00 4.134419667008278907e+02 4.431439822873892922e+02
    37     49       2047 -6.305773212554742102e+00 6.032802961800484809e+02 5.775494753628937588e+02
    37     50       2048 -5.467324519383740089e+00 7.452504898357706224e+02 0.000000000000000000e+00
    38     19       2071 -4.322384737080372519e-01 0.000000000000000000e+00 0.000000000000000000e+00
    38     21       2073 -2.469934135474498582e-01 0.000000000000000000e+00 0.000000000000000000e+00
    38     23       2075 -3.457907789664297904e-01 0.000000000000000000e+00 0.000000000000000000e+00
    38     26       2078 -4.322384737080372519e-01 0.000000000000000000e+00 0.000000000000000000e+00
    38     35       2087 -1.726786876242667468e+00 -1.889254873622104697e+03 0.000000000000000000e+00
    38     36       2088 -2.512456713993847401e+00 0.000000000000000000e+00 -3.825141078597558248e+02
    38     37       2089 -2.617807356094638660e+00 0.000000000000000000e+00 -4.107276153921459922e+02
    38     38       2090 -3.469197156857050324e+00 0.000000000000000000e+00 -7.856159136990942216e+02
    38     39       2091 -4.447804875193092755e+00 -2.329457357239583416e+03 -8.226668473470836034e+02
    38     40       2092 -5.385500357235367019e+00 -2.197154439442825151e+03 -5.368205390586468866e+02
    38     41       2093 -5.698263575874007003e+00 -2.245630259518621642e+03 -5.258707439541600479e+02
    38     42       2094 -6.610452830857441064e+00 -2.095892672530960226e+03 -6.403130156608605148e+02
    38     43       2095 -7.189795518739710012e+00 -1.654881293155767025e+03 -4.110909576297925696e+02
    38     44       2096 -7.568039635641122587e+00 -1.296933493802055182e+03 -2.210708959026581795e+02
    38     45       2097 -7.704753507742069907e+00 -5.521618890136533082e+02 -1.411966927411218187e+01
    38     46       2098 -7.600929702264712873e+00 5.047993333023070761e+01 2.153865181696035620e+02
    38     47       2099 -7.203036591085264284e+00 4.432615718710582087e+02 4.718298773644393691e+02
    38     48       2100 -6.501858909581955892e+00 6.513762479040927929e+02 5.439855176210908212e+02
    38     49       2101 -5.935887936999602488e+00 7.725081633122759968e+02 5.633975346471895591e+02
    38     50       2102 -5.189492303085946112e+00 0.000000000000000000e+00 0.000000000000000000e+00
    39     23       2129 -5.763179649440496322e-01 -2.192017747912956906e+02 0.000000000000000000e+00
    39     24       2130 -4.939868270948997164e-01 0.000000000000000000e+00 0.000000000000000000e+00
    39     30       2136 -2.469934135474498582e-01 0.000000000000000000e+00 0.000000000000000000e+00
    39     33       2139 -1.579944620737973926e+00 0.000000000000000000e+00 0.000000000000000000e+00
    39     35       2141 -2.675559020374627561e+00 -1.909866522908561365e+03 0.000000000000000000e+00
    39     37       2143 -3.763434124709096551e+00 -2.310141342195829566e+03 0.000000000000000000e+00
    39     38       2144 -4.869396556310030100e+00 -2.507272261348331540e+03 -8.879301061778716075e+02
    39     39       2145 -5.831760215237735245e+00 -2.453037060028340875e+03 -7.436612041987907560e+02
    39     40       2146 -6.601665639717123391e+00 -2.358243847646210725e+03 -4.787185960029793819e+02
    39     41       2147 -6.946877447151767804e+00 -2.439814939757903630e+03 -4.975983104497168483e+02
    39     42       2148 -7.760760889383034211e+00 -2.024690219153189219e+03 -4.928812643411031900e+02
    39     43       2149 -8.094984906822958237e+00 -1.403173544260931521e+03 -1.683223696818739086e+02
    39     44       2150 -8.152847548468434624e+00 -6.550322451323238511e+02 1.245335153961165133e+02
    39     45       2151 -7.804899102493400243e+00 3.953135291622697878e+01 2.685058702877757923e+02
    39     46       2152 -7.527395507691415411e+00 4.664472935106698515e+02 4.005525356628220379e+02
    39     47       2153 -6.871860280659762843e+00 8.850281827002825139e+02 6.009196243567681677e+02
    39     48       2154 -6.127625718695441037e+00 9.939016448565979545e+02 5.917920066424243259e+02
    39     49       2155 -5.493352176262155773e+00 0.000000000000000000e+00 0.000000000000000000e+00
    40     20       2180 -5.763179649440496322e-01 0.000000000000000000e+00 0.000000000000000000e+00
    40     23       2183 -5.763179649440496322e-01 2.192017747912956906e+02 0.000000000000000000e+00
    40     26       2186 -2.881589824720248161e-01 0.000000000000000000e+00 0.000000000000000000e+00
    40     31       2191 -1.427379756746111283e+00 0.000000000000000000e+00 0.000000000000000000e+00
    40     32       2192 -1.970180360595840563e+00 0.000000000000000000e+00 0.000000000000000000e+00
    40     34       2194 -2.959714156153498088e+00 0.000000000000000000e+00 0.000000000000000000e+00
    40     35       2195 -3.735329715542958784e+00 -2.439987954727294891e+03 -7.030347953013244933e+02
    40     36       2196 -4.597348919919354238e+00 0.000000000000000000e+00 -5.632299076062930681e+02
    40     37       2197 -5.047305855064426083e+00 -2.917724335166006313e+03 -6.476672479919609486e+02
    40     38       2198 -6.106011660018299203e+00 -2.784457428282149522e+03 -8.501303739752598858e+02
    40     39       2199 -7.027582028391591074e+00 -2.482571921151157767e+03 -7.553836017632332869e+02
    40     40       2200 -7.865586654732367400e+00 -2.273752241090564894e+03 -5.308510253048923460e+02
    40     41       2201 -8.264135466756524551e+00 -2.120250007120360806e+03 -3.752781814771900599e+02
    40     42       2202 -8.739751916789519015e+00 -1.349530184435253659e+03 -1.722908723464845195e+02
    40     43       2203 -8.665466274164453253e+00 -5.359230244125877789e+02 2.072812812113522511e+02
    40     44       2204 -8.256915172067451181e+00 8.923893483062924759e+01 4.302805174984019345e+02
    40     45       2205 -7.663179704088597610e+00 4.657872395840279864e+02 4.922051404806460368e+02
    40     46       2206 -7.110382661382991465e+00 9.336016620548643914e+02 5.971108445952692136e+02
    40     47       2207 -6.272282008176273571e+00 1.319128258784906620e+03 7.099646046575443279e+02
    40     48       2208 -5.456605742514909707e+00 0.000000000000000000e+00 0.000000000000000000e+00
    41     23       2237 -3.457907789664297904e-01 0.000000000000000000e+00 0.000000000000000000e+00
    41     28       2242 -8.778311516466673625e-01 0.000000000000000000e+00 0.000000000000000000e+00
    41     31       2245 -2.256735497459454454e+00 -2.308620971242725773e+03 0.000000000000000000e+00
    41     32       2246 -2.899203882310906089e+00 -2.366663252617207945e+03 -5.057948239418280991e+02
    41     33       2247 -3.434923536737014782e+00 0.000000000000000000e+00 0.000000000000000000e+00
    41     35       2249 -5.241612865322360371e+00 -3.127816065369396256e+03 0.000000000000000000e+00
    41     36       2250 -6.195516456364706492e+00 -2.996824832572578089e+03 -6.827116727504507026e+02
    41     37       2251 -6.831907366244867497e+00 -3.151613136332942759e+03 -6.878231137114663625e+02
    41     38       2252 -7.797717442523279807e+00 -2.747253919388562736e+03 -6.914677939835781899e+02
    41     39       2253 -8.442598195518337789e+00 -2.402720876319073341e+03 -5.130883780031064134e+02
    41     40       2254 -8.992894936322839428e+00 -1.720060650361348053e+03 -3.151377477838461232e+02
    41     41       2255 -9.176673570727196250e+00 -1.080774287936049632e+03 -8.033117281349571215e+01
    41     42       2256 -9.180016714779165810e+00 -1.434481882991243253e+02 2.224095907015999671e+02
    41     43       2257 -8.658597253648514069e+00 7.527134837324068712e+02 4.812521214183345251e+02
    41     44       2258 -8.058997940974462537e+00 1.089015453522872804e+03 5.767849755174337361e+02
    41     45       2259 -7.315046218282842183e+00 1.348443982543422408e+03 6.497181728707788579e+02
    41     46       2260 -6.545557818729040633e+00 1.626953810776766204e+03 7.858183513241799574e+02
    41     47       2261 -5.484577145152425004e+00 0.000000000000000000e+00 0.000000000000000000e+00
    42     11       2279 -5.763179649440496322e-01 0.000000000000000000e+00 0.000000000000000000e+00
    42     27       2295 -1.258070856918564351e+00 0.000000000000000000e+00 0.000000000000000000e+00
    42     28       2296 -1.953865982023387904e+00 -2.224487383915681676e+03 -4.931736746410763885e+02
    42     29       2297 -2.406859451116409421e+00 0.000000000000000000e+00 -4.601432361465013514e+02
    42     30       2298 -3.025714153495837166e+00 0.000000000000000000e+00 -6.218050552239928948e+02
    42     31       2299 -3.855279332359576649e+00 -3.054801648696402935e+03 -6.153600039494875773e+02
    42     32       2300 -4.459121065122245042e+00 -3.067197377652444175e+03 -4.817410460015660192e+02
    42     33       2301 -4.977436997012515185e+00 -3.123300243418575519e+03 -6.256397625581663533e+02
    42     34       2302 -5.916473434602525394e+00 0.000000000000000000e+00 -8.789089590817916360e+02
    42     35       2303 -7.024749413406783383e+00 -3.206073134670734362e+03 -7.867057143587109067e+02
    42     36       2304 -7.749009512898463292e+00 -3.009397525561302700e+03 -5.739737928161092668e+02
    42     37       2305 -8.361752137721914835e+00 -2.733917420746535754e+03 -5.349911439846423491e+02
    42     38       2306 -8.995206858394862337e+00 -2.147307825255294574e+03 -5.120210121788334163e+02
    42     39       2307 -9.554443331567094688e+00 -1.620869098847117129e+03 -2.916270920805927744e+02
    42     40       2308 -9.674516996725117224e+00 -7.554961615204547343e+02 6.598051000683530276e+01
    42     41       2309 -9.400749691308673661e+00 -1.455651905212834265e+02 3.365297270973740069e+02
    42     42       2310 -8.890611585757390856e+00 4.832371645270538920e+02 6.554909241016360966e+02
    42     43       2311 -7.873862641313150945e+00 1.473426099931079762e+03 7.637131174357211876e+02
    42     44       2312 -7.111633988893663272e+00 1.759905937507324325e+03 6.992405128279423252e+02
    42     45       2313 -6.245066200946771673e+00 1.946597920387039494e+03 7.350731795408487415e+02
    42     46       2314 -5.399369673139494452e+00 0.000000000000000000e+00 0.000000000000000000e+00
    43     10       2332 -4.965867759574327800e-01 0.000000000000000000e+00 0.000000000000000000e+00
    43     11       2333 -8.778311516466675846e-01 -5.799202075274048411e+02 0.000000000000000000e+00
    43     13       2335 -8.889596551721616891e-01 0.000000000000000000e+00 0.000000000000000000e+00
    43     16       2338 -1.027622658294279789e+00 0.000000000000000000e+00 0.000000000000000000e+00
    43     24       2346 -1.223501873770136417e+00 0.000000000000000000e+00 0.000000000000000000e+00
    43     26       2348 -1.743618588505592371e+00 0.000000000000000000e+00 0.000000000000000000e+00
    43     27       2349 -2.447986334037785205e+00 -2.596023790188279690e+03 -6.326284417349818341e+02
    43     28       2350 -3.217250243234982321e+00 -2.557279596999649584e+03 0.000000000000000000e+00
    43     30       2352 -4.535585623123290056e+00 -3.245270970400606984e+03 0.000000000000000000e+00
    43     31       2353 -5.469368371733696499e+00 -3.263593968390478494e+03 -6.822792857828870865e+02
    43     32       2354 -6.124872930754349909e+00 -3.334814828722923721e+03 -5.367205223126951523e+02
    43     33       2355 -6.719594095467773975e+00 -3.526245456599735917e+03 -6.478661214161596718e+02
    43     34       2356 -7.633998922509164231e+00 -3.364239305895984216e+03 -8.129799811935969274e+02
    43     35       2357 -8.613332909458788933e+00 -2.901779610179140946e+03 -7.411417884002478331e+02
    43     36       2358 -9.360399330676212770e+00 -2.598096097752779770e+03 -4.695431361968877582e+02
    43     37       2359 -9.707077014391884973e+00 -2.126846424776263575e+03 -2.986074495298940406e+02
    43     38       2360 -1.005596936979500278e+01 -1.325551028583290190e+03 -1.889495041577143866e+02
    43     39       2361 -1.014721209543345815e+01 -1.714264017580240989e+02 1.152857934130782809e+02
    43     40       2362 -9.787425018472154292e+00 4.902669745839792199e+02 3.509314447200038671e+02
    43     41       2363 -9.329759620231664385e+00 8.346117779129755263e+02 4.789312961271381255e+02
    43     42       2364 -8.671812327272311549e+00 1.094646293132029086e+03 9.533506635318674398e+02
    43     43       2365 -7.109044231614411125e+00 1.685109951830239424e+03 1.057641659814407376e+03
    43     44       2366 -6.208163641183115367e+00 1.691396255813936932e+03 7.904122631481737926e+02
    43     45       2367 -5.267874194954268674e+00 1.763946678195506820e+03 0.000000000000000000e+00
    44     11       2387 -1.186200679899870991e+00 -1.171465825792035730e+03 0.000000000000000000e+00
    44     13       2389 -1.235409250959007554e+00 -1.194943562297290100e+03 0.000000000000000000e+00
    44     14       2390 -1.400130484420208710e+00 0.000000000000000000e+00 1.871785627452806722e+01
    44     15       2391 -1.191808262297838983e+00 0.000000000000000000e+00 0.000000000000000000e+00
    44     22       2398 -2.108930488417958493e+00 0.000000000000000000e+00 0.000000000000000000e+00
    44     23       2399 -2.216924544655926699e+00 0.000000000000000000e+00 -9.969970644318820518e+01
    44     24       2400 -2.341168929957166522e+00 -2.246181980655733696e+03 -1.014299622427291467e+02
    44     25       2401 -2.453193408396814323e+00 0.000000000000000000e+00 -3.332532447910477345e+02
    44     26       2402 -3.117442170563532677e+00 -2.886681114200970114e+03 -6.589862416132418730e+02
    44     27       2403 -3.988222378971035820e+00 -3.413897162991855566e+03 -6.550368587212460625e+02
    44     28       2404 -4.643271530019527304e+00 -3.332384893734163143e+03 -5.823275910529766861e+02
    44     29       2405 -5.344684268740867772e+00 0.000000000000000000e+00 -7.707571075967638308e+02
    44     30       2406 -6.438657252399153208e+00 -4.011617464287740404e+03 -8.340452631178933416e+02
    44     31       2407 -7.287492116324979285e+00 -3.824916431205668232e+03 -6.557872034368843970e+02
    44     32       2408 -7.966234449372366022e+00 -3.610360446980759207e+03 -6.003227590128193469e+02
    44     33       2409 -8.685871579489187866e+00 -3.584629564583328374e+03 -6.389243052479156404e+02
    44     34       2410 -9.454531558821228643e+00 -3.106152943475187385e+03 -5.969755488032259336e+02
    44     35       2411 -1.007645412017175346e+01 -2.393646692194666230e+03 -4.408079063814083156e+02
    44     36       2412 -1.048134041160871632e+01 -1.591962316409319101e+03 -2.241074919591792991e+02
    44     37       2413 -1.059848549344884461e+01 -7.361905850746472879e+02 3.953662745489305763e+01
    44     38       2414 -1.038924460640117786e+01 4.336071490584591857e+02 3.708106731351609255e+02
    44     39       2415 -9.734726753255500853e+00 1.315656233438020763e+03 5.281771694536051882e+02
    44     40       2416 -9.158919592752392091e+00 1.690794969239125976e+03 5.201859345162309864e+02
    44     41       2417 -8.523016357583419023e+00 1.990814959357832777e+03 6.093944856054347383e+02
    44     42       2418 -7.739408636616945003e+00 2.048144176447144673e+03 1.039473253932186708e+03
    44     43       2419 -6.101688781734833533e+00 0.000000000000000000e+00 1.033133379611597320e+03
    44     44       2420 -5.332849033356193758e+00 0.000000000000000000e+00 7.348336637532655686e+02
    44     45       2421 -4.389982389120228312e+00 1.931031286919494050e+03 0.000000000000000000e+00
    45      8       2438 -1.561683948259982468e+00 0.000000000000000000e+00 0.000000000000000000e+00
    45      9       2439 -1.546376417842306283e+00 0.000000000000000000e+00 -1.694282048368480957e+02
    45     10       2440 -1.956346516965907334e+00 0.000000000000000000e+00 -2.418868398886430668e+02
    45     11       2441 -2.109822637782710952e+00 -1.644032842795743591e+03 -6.058899120305480324e+01
    45     12       2442 -2.097481264433276760e+00 0.000000000000000000e+00 -1.537716658046438312e+01
    45     13       2443 -2.145641892716734223e+00 -1.703157533329093667e+03 -5.847798398872620851e+01
    45     14       2444 -2.233698675200030515e+00 -1.680626499956402085e+03 2.927169543691021758e+01
    45     15       2445 -2.077457008608253108e+00 -1.791339011432683947e+03 5.045081913975477050e+01
    45     16       2446 -2.116179576805597762e+00 0.000000000000000000e+00 -7.847426468966314417e+01
    45     17       2447 -2.260253343548794369e+00 0.000000000000000000e+00 -1.927568353469153521e+02
    45     18       2448 -2.565183376656363201e+00 0.000000000000000000e+00 -3.938432988929314433e+02
    45     19       2449 -3.177663807517157490e+00 0.000000000000000000e+00 -3.029497603342406364e+02
    45     20       2450 -3.270868305074801974e+00 0.000000000000000000e+00 -6.789870697763566909e+01
    45     21       2451 -3.335825656268426531e+00 0.000000000000000000e+00 9.299559047461753991e+00
    45     22       2452 -3.249206103878502283e+00 -2.432507645445269645e+03 -5.889240600863199404e+01
    45     23       2453 -3.473008413147781859e+00 -2.626844142671265217e+03 -1.444721051276044648e+02
    45     24       2454 -3.585736448226530815e+00 -2.827980666361124349e+03 0.000000000000000000e+00
    45     26       2456 -4.779444711287125003e+00 -3.650096704109589155e+03 0.000000000000000000e+00
    45     27       2457 -6.038267968165973443e+00 -3.829036979509773118e+03 -8.338544771668771318e+02
    45     28       2458 -6.721808146008728890e+00 -3.952508606932323346e+03 -7.125149255252223384e+02
    45     29       2459 -7.697985551905239809e+00 -4.025319638009038499e+03 -8.726193756447630676e+02
    45     30       2460 -8.754469736362915810e+00 -3.771099580941078329e+03 -7.701277422603919831e+02
    45     31       2461 -9.491905243640522016e+00 -3.458800697071727427e+03 -5.011200439508396016e+02
    45     32       2462 -9.921768439469115464e+00 -3.183805658406882685e+03 -4.282359732532113412e+02
    45     33       2463 -1.048942929448637784e+01 -2.633967984349477774e+03 -4.202268649761465440e+02
    45     34       2464 -1.090063623854913288e+01 -1.844288675008962173e+03 -2.752758541855974386e+02
    45     35       2465 -1.113065119623657395e+01 -8.701097636332227694e+02 -5.751604690054273306e+01
    45     36       2466 -1.103461293288663825e+01 -1.873770683175112026e+02 2.787640055721569752e+02
    45     37       2467 -1.048130406653167945e+01 6.166057840820867568e+02 6.158952577499962899e+02
    45     38       2468 -9.599959212088039706e+00 1.390367750174900493e+03 7.374168843779316376e+02
    45     39       2469 -8.763580373029972392e+00 1.670026938044990857e+03 6.828800846555242288e+02
    45     40       2470 -8.009272415944550971e+00 1.771309251821377075e+03 6.557516413231952583e+02
    45     41       2471 -7.236086013711509501e+00 2.142114550692531338e+03 6.402670700945772069e+02
    45     42       2472 -6.517847497734084783e+00 0.000000000000000000e+00 0.000000000000000000e+00
    45     45       2475 -3.237073080172558015e+00 0.000000000000000000e+00 0.000000000000000000e+00
    46      8       2492 -1.957051813379985239e+00 0.000000000000000000e+00 0.000000000000000000e+00
    46      9       2493 -2.193930127098795424e+00 -9.234468602152767289e+02 -2.584325192269125750e+02
    46     10       2494 -2.559039197791288078e+00 -9.424149355548006497e+02 -3.096296770007641612e+02
    46     11       2495 -2.915175115737965061e+00 -1.283386889800571907e+03 -1.841679547549749998e+02
    46     12       2496 -2.988036236194112849e+00 -1.762993899995169613e+03 -4.781875976775880588e+01
    46     13       2497 -3.026563149273753250e+00 -2.005132577643475543e+03 -7.708190939024464683e+01
    46     14       2498 -3.167589247394377416e+00 -2.033884831701237999e+03 -2.109425672997582879e+01
    46     15       2499 -3.075699676182075404e+00 -2.211038018966293748e+03 -1.265942918622114455e+01
    46     16       2500 -3.197077860850418674e+00 -2.269150167156405587e+03 -1.528094249892720882e+02
    46     17       2501 -3.431650801597206701e+00 -2.259262100791012926e+03 -2.544655136982522663e+02
    46     18       2502 -3.789824584336822344e+00 -2.173291798648664098e+03 -3.384664319365380720e+02
    46     19       2503 -4.220067532904930196e+00 -1.990069624553177391e+03 -2.585623387921694416e+02
    46     20       2504 -4.392114367768063410e+00 -2.267419891329156144e+03 -1.198159564796717973e+02
    46     21       2505 -4.499164352715774307e+00 -2.526549625567357452e+03 -1.180585589154281081e+02
    46     22       2506 -4.667117541909877154e+00 -3.053856829380403269e+03 -2.062027556075833559e+02
    46     23       2507 -4.979488802123089641e+00 -3.503770926772361690e+03 -2.782475935679502754e+02
    46     24       2508 -5.315261752134587958e+00 -3.958231495556608934e+03 -4.160343658083145328e+02
    46     25       2509 -5.948590680042180168e+00 0.000000000000000000e+00 -7.044216273306034282e+02
    46     26       2510 -6.956126973849083406e+00 -4.396084195105398067e+03 -8.871470320852816940e+02
    46     27       2511 -8.015092693917429401e+00 -3.983420008590606813e+03 -7.915695763395906397e+02
    46     28       2512 -8.799992832006960697e+00 -3.710701188585286218e+03 -6.709451505343141662e+02
    46     29       2513 -9.577978500478643298e+00 -3.254387254579644377e+03 -6.888546854768247840e+02
    46     30       2514 -1.040459674017673564e+01 -2.659143136491382393e+03 -5.782736818194642865e+02
    46     31       2515 -1.092499729762443827e+01 -2.032419844854354551e+03 -3.906361477546166725e+02
    46     32       2516 -1.131453653237770141e+01 -1.487443450394977617e+03 -2.279278539270464989e+02
    46     33       2517 -1.145592774333800357e+01 -4.572262319159003710e+02 -3.416010009541827230e+01
    46     34       2518 -1.139410836555560458e+01 5.444443679898506616e+02 1.993699459341725344e+02
    46     35       2519 -1.099151949997078503e+01 1.299954946193022124e+03 3.072534047091387492e+02
    46     36       2520 -1.067839861662142198e+01 1.626030851803384849e+03 4.471138196371488220e+02
    46     37       2521 -9.950021782800039460e+00 1.774110673642245729e+03 7.518557715307157423e+02
    46     38       2522 -8.927041276948109783e+00 1.753580497706700044e+03 8.464085302456834370e+02
    46     39       2523 -7.978415195555375483e+00 1.799913833461516788e+03 7.001643762663410371e+02
    46     40       2524 -7.296092808127654372e+00 1.909423988917448696e+03 7.333237247523088627e+02
    46     41       2525 -6.270226023732200282e+00 0.000000000000000000e+00 0.000000000000000000e+00
    47      9       2547 -2.517534640844748317e+00 -9.320545455077501629e+02 0.000000000000000000e+00
    47     10       2548 -2.947452831335744428e+00 -1.094547707052682199e+03 -4.043923165587012249e+02
    47     11       2549 -3.459517769165578294e+00 -1.290607679380262653e+03 -4.310634169440384085e+02
    47     12       2550 -3.951563071245975500e+00 -1.916692115518176024e+03 -3.412304126687168946e+02
    47     13       2551 -4.254372860229670650e+00 -2.422778372324258271e+03 -1.807796352754972418e+02
    47     14       2552 -4.372667428081084218e+00 -2.595433126029336108e+03 -6.369035140649054227e+01
    47     15       2553 -4.402731852240910015e+00 -2.802955262685994512e+03 -5.576661248665252657e+01
    47     16       2554 -4.502569025947884995e+00 -2.856096808360023260e+03 -1.002464399404427553e+02
    47     17       2555 -4.636243843521330454e+00 -2.840848344280685524e+03 -1.494787651497432250e+02
    47     18       2556 -4.850761780972325354e+00 -2.807029584282673113e+03 -2.723084651112489496e+02
    47     19       2557 -5.270553570314824299e+00 -2.756692132570968170e+03 -3.454466467925498705e+02
    47     20       2558 -5.655438080914714227e+00 -3.043254031217683405e+03 -3.101083283670880064e+02
    47     21       2559 -5.992913519582478976e+00 -3.436047810146740630e+03 -3.457604481326344512e+02
    47     22       2560 -6.460845343231758520e+00 -3.681895963908607882e+03 -5.000876060740970956e+02
    47     23       2561 -7.157807283175467994e+00 -3.906684543433014824e+03 -5.527785565790187547e+02
    47     24       2562 -7.748476321055719040e+00 -4.107162662284922590e+03 -5.358400298883044570e+02
    47     25       2563 -8.405982006001693208e+00 -4.035974026261654672e+03 -7.101390741171453556e+02
    47     26       2564 -9.402659645487462470e+00 -3.659179300352955579e+03 -7.819747008568973570e+02
    47     27       2565 -1.022749775894503621e+01 -3.095518239776229620e+03 -5.244182293996226463e+02
    47     28       2566 -1.062422866164017066e+01 -2.600073307574776209e+03 -3.833717198219443958e+02
    47     29       2567 -1.112051594242773511e+01 -1.867014976638375856e+03 -3.978626704829569576e+02
    47     30       2568 -1.155100176695759728e+01 -8.519373900669587556e+02 -2.184347376743940572e+02
    47     31       2569 -1.162933331878013021e+01 1.071106089691841845e+02 2.787812339006953266e+01
    47     32       2570 -1.148606304085576291e+01 7.687583119774923262e+02 2.829313542961004373e+02
    47     33       2571 -1.097027885283999282e+01 1.493298454269942113e+03 4.971284479273467696e+02
    47     34       2572 -1.032806227926635501e+01 2.102563098980103860e+03 5.180550939538551347e+02
    47     35       2573 -9.763531993260734509e+00 2.147896298456342720e+03 4.307978739337603997e+02
    47     36       2574 -9.324570589771854046e+00 2.129416033109439468e+03 4.928355068546088091e+02
    47     37       2575 -8.615531120135596410e+00 2.339627314953294444e+03 6.734812840402551046e+02
    47     38       2576 -7.755777166087507446e+00 0.000000000000000000e+00 7.490664772027571416e+02
    47     39       2577 -6.870671105186990424e+00 0.000000000000000000e+00 7.532401967394939675e+02
    47     40       2578 -6.001194974863629739e+00 0.000000000000000000e+00 0.000000000000000000e+00
    48      8       2600 -2.454563226705085643e+00 0.000000000000000000e+00 0.000000000000000000e+00
    48      9       2601 -3.174140765256836083e+00 -8.358367181190866404e+02 -5.390170639686393770e+02
    48     10       2602 -3.710138467244513905e+00 -1.010835045405599089e+03 -4.715089989495564282e+02
    48     11       2603 -4.272464110372749424e+00 -1.235045258445645914e+03 -5.553491460863162956e+02
    48     12       2604 -5.003757323291084802e+00 -1.791341985804916476e+03 -5.589704045034420687e+02
    48     13       2605 -5.574518251147899228e+00 -2.374931800098244366e+03 -3.835194333736542376e+02
    48     14       2606 -5.897119587676999508e+00 -2.786287988663166743e+03 -1.927362573664572949e+02
    48     15       2607 -6.023474117075064527e+00 -3.153754091269077435e+03 -1.303436889683996753e+02
    48     16       2608 -6.200739490587562130e+00 -3.287837393997894196e+03 -1.699173673710554624e+02
    48     17       2609 -6.419276130907324074e+00 -3.449758590957667366e+03 -2.323126771639183801e+02
    48     18       2610 -6.741883853184988062e+00 -3.531922215015223173e+03 -3.004716434313791069e+02
    48     19       2611 -7.119188584882214954e+00 -3.524324213470261839e+03 -3.652127894089658184e+02
    48     20       2612 -7.592602998389854640e+00 -3.552269868432411840e+03 -4.265309899260975044e+02
    48     21       2613 -8.112741082702838114e+00 -3.686669750250330708e+03 -4.063921788603928462e+02
    48     22       2614 -8.539244564742320520e+00 -3.595176421003588530e+03 -4.186855038288429682e+02
    48     23       2615 -9.088018466891284675e+00 -3.227691194598412039e+03 -4.702467096739520684e+02
    48     24       2616 -9.634627559233379657e+00 -2.914251989969151964e+03 -4.744058924754106101e+02
    48     25       2617 -1.019308977608603684e+01 -2.502313515041222217e+03 -5.021664076072355556e+02
    48     26       2618 -1.080436364027692697e+01 -1.683724704426713288e+03 -4.625507012853687456e+02
    48     27       2619 -1.127054584723900454e+01 -8.167669713328347143e+02 -3.134051321158393648e+02
    48     28       2620 -1.153440309625513471e+01 -5.487293989423498033e+02 -1.163013433507888976e+02
    48     29       2621 -1.154145579965791590e+01 3.217967111414904657e+00 1.003925146358217688e+02
    48     30       2622 -1.130055084158966139e+01 7.216690613817988833e+02 3.130031780100219407e+02
    48     31       2623 -1.081235264729017587e+01 1.289603433834601219e+03 3.410744316474354036e+02
    48     32       2624 -1.050605908950202583e+01 1.392850425370757875e+03 3.979072798155866053e+02
    48     33       2625 -9.885475629912647832e+00 1.766932249378203778e+03 5.680251665624577981e+02
    48     34       2626 -9.182912972590592915e+00 2.104816592335065252e+03 4.949073298124375810e+02
    48     35       2627 -8.732648695086460577e+00 2.198195066336970285e+03 3.193769489165032951e+02
    48     36       2628 -8.438962889626395736e+00 2.246858094425183481e+03 5.336764069219526618e+02
    48     37       2629 -7.489513871009288337e+00 0.000000000000000000e+00 0.000000000000000000e+00
    49      9       2655 -3.396556203276063890e+00 3.334605213331118421e+02 0.000000000000000000e+00
    49     10       2656 -4.010514290243993862e+00 5.400075576066531369e+01 -5.846267134143934072e+02
    49     11       2657 -4.758373621293389810e+00 -2.591337255305739973e+02 -7.834461528681716800e+02
    49     12       2658 -5.835457613178155256e+00 -9.114305498423738072e+02 -8.558656034655318763e+02
    49     13       2659 -6.752009320001398862e+00 -1.310930585598573543e+03 -6.299771714365443813e+02
    49     14       2660 -7.302913453512753783e+00 -1.819457790499126986e+03 -4.153125030571486604e+02
    49     15       2661 -7.719429705704346389e+00 -2.230214620456328248e+03 -2.822057925950987851e+02
    49     16       2662 -7.960277810979230040e+00 -2.492584077018350399e+03 -2.338863476044987522e+02
    49     17       2663 -8.264239743795259940e+00 -2.636305649916044786e+03 -2.596780120438634754e+02
    49     18       2664 -8.565166420690747628e+00 -2.655522297137305486e+03 -3.059733010106339748e+02
    49     19       2665 -8.976967645555010478e+00 -2.592671010227895295e+03 -3.546331913441160282e+02
    49     20       2666 -9.391241668191742775e+00 -2.435424430274821589e+03 -3.834039795068006242e+02
    49     21       2667 -9.870060974082793592e+00 -2.171212733419983124e+03 -3.651318689381541844e+02
    49     22       2668 -1.024177231891954065e+01 -1.867416888484719266e+03 -2.928682838623254838e+02
    49     23       2669 -1.055226231897046318e+01 -1.318159733752294642e+03 -2.453552634014602631e+02
    49     24       2670 -1.081329781311210780e+01 -7.666477926453935652e+02 -2.083470146822024276e+02
    49     25       2671 -1.103758156127648782e+01 -4.447630261695871923e+01 -1.545814626923222761e+02
    49     26       2672 -1.117337668663389572e+01 4.945391113498265554e+02 -2.098530812253962097e+01
    49     27       2673 -1.108646430554390250e+01 1.030482514853271368e+03 -1.199133053949671890e+01
    49     28       2674 -1.120130904487068868e+01 1.107597552076368402e+03 -1.316548452858895857e+01
    49     29       2675 -1.111713171388547394e+01 1.141706065339972838e+03 1.756959514734319896e+02
    49     30       2676 -1.079204651631761713e+01 1.017490282218519042e+03 3.623416869209404467e+02
    49     31       2677 -1.027310045564743923e+01 1.313994328521697071e+03 3.309026233678889639e+02
    49     32       2678 -1.002124876481185467e+01 1.492897544090147676e+03 4.984354392061283647e+02
    49     33       2679 -9.112055215508211958e+00 2.120973575672604966e+03 8.185664426643891147e+02
    49     34       2680 -8.114496962598703789e+00 0.000000000000000000e+00 7.127613335479952639e+02
    49     35       2681 -7.451763653998768611e+00 0.000000000000000000e+00 4.949266734748401859e+02
    49     36       2682 -6.961624969043957556e+00 0.000000000000000000e+00 0.000000000000000000e+00
    50      9       2709 -2.823451471382538269e+00 7.316489431550995732e+02 0.000000000000000000e+00
    50     10       2710 -3.653347675846846609e+00 5.363016344886185607e+02 -7.390530414098217307e+02
    50     11       2711 -4.544986395355782527e+00 4.637473791698122909e+02 -9.912214070570585136e+02
    50     12       2712 -5.962278393976961688e+00 2.651849466704601355e+02 -1.033834926524928051e+03
    50     13       2713 -6.953180167538699941e+00 3.739714690416352028e+02 -7.934749466360547103e+02
    50     14       2714 -7.810582582436825128e+00 2.157531991962292466e+02 -6.077739803222839328e+02
    50     15       2715 -8.368916352063566322e+00 -3.814890732717297794e+01 -4.342462812307340414e+02
    50     16       2716 -8.822106920822804454e+00 -1.303329716920541728e+02 -3.532590656806838751e+02
    50     17       2717 -9.191790739562668122e+00 -2.924251906539914216e+02 -3.058759125692960197e+02
    50     18       2718 -9.534607967954320529e+00 -3.556779367112166028e+02 -2.807715063557147914e+02
    50     19       2719 -9.845814100221440768e+00 -8.038003280598994138e+01 -2.658431560570988381e+02
    50     20       2720 -1.015385753707663063e+01 -8.822420655317348803e+01 -2.362512973669760186e+02
    50     21       2721 -1.039613300355128267e+01 4.666523053449878375e+02 -1.499485250741303446e+02
    50     22       2722 -1.050314454118794671e+01 6.256334492463005290e+02 -3.354972302797352768e+01
    50     23       2723 -1.047428303696716334e+01 8.140230005738595764e+02 2.672776362688166429e+01
    50     24       2724 -1.044088543941142966e+01 8.296552333685840495e+02 1.006358258404864898e+02
    50     25       2725 -1.023986401819579406e+01 1.463654387068640290e+03 6.723338724167577141e+01
    50     26       2726 -1.028427337274194286e+01 1.298656658324654472e+03 2.277096531266712276e+01
    50     27       2727 -1.018682180086920042e+01 1.491690170083204521e+03 -3.662192950385809809e+01
    50     28       2728 -1.036957974060954690e+01 1.607686965039308461e+03 -6.608621137560355407e+01
    50     29       2729 -1.034076165971769612e+01 1.740963509490715978e+03 5.971094649637858254e+01
    50     30       2730 -1.023049029238682905e+01 0.000000000000000000e+00 3.907877644180970833e+02
    50     31       2731 -9.430468694785393069e+00 0.000000000000000000e+00 5.557109748289954041e+02
    50     32       2732 -8.936028599923766080e+00 0.000000000000000000e+00 7.622417145607141720e+02
    50     33       2733 -7.654918553455475561e+00 0.000000000000000000e+00 0.000000000000000000e+00
    51      9       2763 -2.627105444268148293e+00 4.638106521496663390e+02 0.000000000000000000e+00
    51     10       2764 -3.446503771845724984e+00 0.000000000000000000e+00 -7.055787270213338616e+02
    51     11       2765 -4.270665990156279790e+00 4.338841277973156707e+02 -9.058497283689530377e+02
    51     12       2766 -5.556571461011864166e+00 6.241076562948006767e+02 -8.963975695424267087e+02
    51     13       2767 -6.358716015345600603e+00 7.584540593242925297e+02 -6.522945827430582995e+02
    51     14       2768 -7.076013019318136976e+00 8.391614571589257139e+02 -6.013763267569426034e+02
    51     15       2769 -7.759549637500644081e+00 6.924536426132964380e+02 -4.384565386816445312e+02
    51     16       2770 -8.097344644643676759e+00 7.719668455856474338e+02 -3.486868288833487668e+02
    51     17       2771 -8.571773550830432242e+00 6.362712874188267733e+02 -3.614166016578835183e+02
    51     18       2772 -8.939221028334456420e+00 6.030516917619286232e+02 -2.102392991788050267e+02
    51     19       2773 -9.061500641645922727e+00 8.434828349535468988e+02 -2.338833654450809831e+02
    51     20       2774 -9.484024119844679745e+00 7.235765533186532821e+02 -1.364301962141162221e+02
    51     21       2775 -9.379298329101596110e+00 1.250823828244095921e+03 -4.283990612446026347e+01
    51     22       2776 -9.583814514309882071e+00 1.296104247091695242e+03 -1.360376016111300430e+02
    51     23       2777 -9.696181514779812716e+00 1.327579340221323264e+03 -1.532436488137009860e+02
    51     24       2778 -9.940777111752987949e+00 1.197676684103370917e+03 8.494811629780011231e+01
    51     25       2779 -9.498305123318878884e+00 1.695978917758814305e+03 5.716297765023751509e+01
    51     26       2780 -9.807622849650957875e+00 1.580321089270714310e+03 -8.327732115088492648e+00
    51     27       2781 -9.517703570886688169e+00 1.982549482439410440e+03 1.275294595099431092e+02
    51     28       2782 -9.510558354844210527e+00 0.000000000000000000e+00 9.937627107504994228e+01
    51     29       2783 -9.286218533028542055e+00 0.000000000000000000e+00 0.000000000000000000e+00
    52      9       2817 -2.335677298165611315e+00 0.000000000000000000e+00 0.000000000000000000e+00
    52     11       2819 -4.088684948359282423e+00 0.000000000000000000e+00 0.000000000000000000e+00
    52     12       2820 -5.305925214858262962e+00 7.546959519348034746e+02 -8.872983173672054136e+02
    52     13       2821 -6.155539363052500157e+00 0.000000000000000000e+00 -6.963826047273287259e+02
    52     14       2822 -6.928064502991932549e+00 8.660993576002236978e+02 -6.375718030051352798e+02
    52     15       2823 -7.640685981649911973e+00 7.599384178541929487e+02 -4.645832581875784513e+02
    52     16       2824 -8.010255170305200068e+00 7.562795475362855768e+02 -3.786242367116549872e+02
    52     17       2825 -8.522645475813444449e+00 6.922651570860876973e+02 -3.821376098874457057e+02
    52     18       2826 -8.900398643539485732e+00 7.340333642668671246e+02 -1.872197795792668842e+02
    52     19       2827 -8.958751372068805452e+00 9.281931843342006232e+02 -2.114286745657397262e+02
    52     20       2828 -9.392896240870200586e+00 9.793517292386255804e+02 -5.234526624784103888e+01
    52     21       2829 -9.080683356515326210e+00 1.406708973696314160e+03 1.085358838164063116e+02
    52     22       2830 -9.140074989857129850e+00 0.000000000000000000e+00 1.103802658748934018e+00
    52     23       2831 -9.078112181349622389e+00 2.090168107913896165e+03 -1.771024472500537073e+01
    52     24       2832 -9.181328868940083154e+00 0.000000000000000000e+00 2.669606133939957431e+02
    52     25       2833 -8.456259630135731342e+00 0.000000000000000000e+00 2.399894197632398516e+02
    52     26       2834 -8.622302460337035512e+00 0.000000000000000000e+00 1.521516464963710007e+02
    52     27       2835 -8.101840720386213945e+00 0.000000000000000000e+00 0.000000000000000000e+00
    53     12       2874 -4.762882932559585392e+00 1.032727064808245586e+03 0.000000000000000000e+00
    53     14       2876 -6.165165249610516263e+00 1.450838603863371191e+03 0.000000000000000000e+00
    53     15       2877 -6.960347782720916143e+00 1.293828665205912102e+03 -4.880379108975026838e+02
    53     16       2878 -7.301990701583857657e+00 1.346937263880058936e+03 -3.792399060490326974e+02
    53     17       2879 -7.843741404350987878e+00 1.291101322791964776e+03 -3.714602931596358530e+02
    53     18       2880 -8.167262653274596218e+00 1.394236515297935284e+03 -1.037226759181078961e+02
    53     19       2881 -8.085350868078185371e+00 1.660983625566336514e+03 -1.231271989759444097e+02
    53     20       2882 -8.454072613116910162e+00 1.785401618007021398e+03 7.960978281803595280e+01
    53     21       2883 -7.899909480610602941e+00 2.245528900445087856e+03 0.000000000000000000e+00
    53     23       2885 -7.498021519969907622e+00 3.004926953294012492e+03 0.000000000000000000e+00
