     0     15         15 -1.110029307232356111e+01 5.225095298092295479e+02 0.000000000000000000e+00
     0     16         16 -1.400527021133125594e+01 7.425356098182177789e+01 -3.017414401932938745e+03
     0     17         17 -1.708310198877058994e+01 -2.236710791269018159e+02 -3.186204824076929071e+03
     0     18         18 -2.032275004403262031e+01 -4.049462795899229661e+01 -2.952532033268175383e+03
     0     19         19 -2.293726473268026922e+01 6.378653587255096369e+01 -2.259284641067613393e+03
     0     20         20 -2.480236951118711985e+01 1.419980896630822826e+02 -1.745538588945121091e+03
     0     21         21 -2.639824902017268826e+01 2.836161239361958337e+02 -1.344686527298214742e+03
     0     22         22 -2.746856032017655380e+01 2.806935825549517745e+02 -7.987801933808225385e+02
     0     23         23 -2.798203852557794491e+01 1.590551651073324990e+02 -5.714603064040403524e+02
     0     24         24 -2.860162902110125671e+01 9.543588816659439544e+01 -4.217138299935338068e+02
     0     25         25 -2.881819588621694095e+01 -2.352856186522983819e+02 0.000000000000000000e+00
     1     12         51 -1.631641725068597282e+00 0.000000000000000000e+00 0.000000000000000000e+00
     1     14         53 -7.266647724561861033e+00 0.000000000000000000e+00 0.000000000000000000e+00
     1     15         54 -1.067890098022944123e+01 1.583906829448003464e+02 -3.368404797798764321e+03
     1     16         55 -1.394538639750111919e+01 1.228030532224879465e+02 -3.320919472433155988e+03
     1     17         56 -1.726348764414542458e+01 -4.092210133930433358e+01 -3.232878051385674553e+03
     1     18         57 -2.035540804359186851e+01 4.842226336251363961e+01 -2.835610147787094775e+03
     1     19         58 -2.288582233734523186e+01 1.624749737060546693e+02 -2.185056680082895582e+03
     1     20         59 -2.468785127053734385e+01 2.314210234078655049e+02 -1.656124050662739592e+03
     1     21         60 -2.616951904493044978e+01 3.448218373355477979e+02 -1.288272859019932866e+03
     1     22         61 -2.724218730831319135e+01 3.919008627771993929e+02 -8.494447136567237067e+02
     1     23         62 -2.785376414021424551e+01 3.827707265599805737e+02 -6.468129072659302210e+02
     1     24         63 -2.852466214053533733e+01 4.639224506904603800e+02 -5.821098868499537957e+02
     1     25         64 -2.900794840445282929e+01 3.085048549016656807e+02 -5.022422412006085324e+02
     1     26         65 -2.952048802276963357e+01 0.000000000000000000e+00 -3.145817144044543170e+02
     1     27         66 -2.963168847962596786e+01 0.000000000000000000e+00 0.000000000000000000e+00
     2     10         88 -1.894411164620838584e+00 0.000000000000000000e+00 0.000000000000000000e+00
     2     13         91 -5.046604007693194838e+00 0.000000000000000000e+00 0.000000000000000000e+00
     2     14         92 -7.615814235267617249e+00 2.371217137703076503e+02 -2.924313455501964199e+03
     2     15         93 -1.084481608120075968e+01 4.155887507649042618e+02 -3.122606805534988325e+03
     2     16         94 -1.380719445362454678e+01 6.217073995768824943e+02 -3.179553272660198672e+03
     2     17         95 -1.714910748307249477e+01 3.089381774894296200e+02 -3.246712820666386506e+03
     2     18         96 -2.024464712839886360e+01 1.775708486155610615e+02 -2.787070634615121890e+03
     2     19         97 -2.267519996571638785e+01 2.161285260888196831e+02 -2.110417058866020852e+03
     2     20         98 -2.442909789164744438e+01 2.173546872143285498e+02 -1.597201317677060160e+03
     2     21         99 -2.584206702866866223e+01 3.288194067856260290e+02 -1.214137852142754582e+03
     2     22        100 -2.683644199491090987e+01 3.749838985805568541e+02 -7.679091678903912452e+02
     2     23        101 -2.736464669612600531e+01 3.883963164899919889e+02 -5.128714959863660852e+02
     2     24        102 -2.785334313955088703e+01 6.017861298698881001e+02 -4.821283418248008843e+02
     2     25        103 -2.832059154098836729e+01 7.459335257679204005e+02 -5.262637923309672487e+02
     2     26        104 -2.889679799518622971e+01 7.323767485704901219e+02 -5.028848878739768793e+02
     2     27        105 -2.931769163741249784e+01 5.639088212194139942e+02 -4.760004690786187211e+02
     2     28        106 -2.984059273839824300e+01 0.000000000000000000e+00 -3.145347145945459033e+02
     2     29        107 -2.994133852323729528e+01 0.000000000000000000e+00 0.000000000000000000e+00
     3      6        123 -6.929196801122628813e+00 0.000000000000000000e+00 0.000000000000000000e+00
     3      7        124 -5.914400544498264800e+00 0.000000000000000000e+00 1.393144102898461824e+03
     3      8        125 -4.166926244126143430e+00 0.000000000000000000e+00 1.395445258004082234e+03
     3      9        126 -3.147567348947653887e+00 0.000000000000000000e+00 1.026262666513145177e+03
     3     10        127 -2.132093564896421878e+00 6.842794757788668392e+01 0.000000000000000000e+00
     3     12        129 -1.652545676377574102e+00 0.000000000000000000e+00 0.000000000000000000e+00
     3     13        130 -4.098630375933958625e+00 0.000000000000000000e+00 -2.638561993862047530e+03
     3     14        131 -6.884181149902085295e+00 5.331834497418857381e+02 -2.980665565576380686e+03
     3     15        132 -1.000857516550394166e+01 8.789271134641084018e+02 -3.055548354502769143e+03
     3     16        133 -1.294260054640382585e+01 9.242325887492985430e+02 -3.407678601183531100e+03
     3     17        134 -1.676518436922698996e+01 1.027269393168452780e+03 -3.594178502233432027e+03
     3     18        135 -2.006899431475381590e+01 8.968280318869125267e+02 -2.911109830984715245e+03
     3     19        136 -2.253721682271265436e+01 9.113360868109868989e+02 -2.152692942419158953e+03
     3     20        137 -2.433726801359598468e+01 8.735516473489204827e+02 -1.564451194839322397e+03
     3     21        138 -2.563914824845088347e+01 1.019870739182916282e+03 -1.160043140006433987e+03
     3     22        139 -2.663735527938479208e+01 1.111386063952849099e+03 -8.009795191355500492e+02
     3     23        140 -2.722729848923512108e+01 1.283382057627136874e+03 -4.623116581776760654e+02
     3     24        141 -2.755400839436660476e+01 1.451610191890194983e+03 -2.912570970325842836e+02
     3     25        142 -2.780479144346400133e+01 1.560113051361998487e+03 -3.960081352462797781e+02
     3     26        143 -2.833919752881869769e+01 1.506606620730892701e+03 -4.626569126209880096e+02
     3     27        144 -2.872212911518438005e+01 1.343597377320134683e+03 -4.220896953280724233e+02
     3     28        145 -2.917610014025036591e+01 1.082489713441622371e+03 -4.738613083479503985e+02
     3     29        146 -2.966168241582723297e+01 5.914564889163766566e+02 -3.806827230494777723e+02
     3     30        147 -2.993090265870416644e+01 0.000000000000000000e+00 0.000000000000000000e+00
     4      4        160 -9.283134130537783690e+00 0.000000000000000000e+00 0.000000000000000000e+00
     4      5        161 -8.754674678505217855e+00 0.000000000000000000e+00 9.604822286583597588e+02
     4      6        162 -7.378728279612882801e+00 -2.258988640306905609e+02 1.437678997416978518e+03
     4      7        163 -5.904102109081229344e+00 6.072318771517921476e+01 1.696307788092266946e+03
     4      8        164 -4.015356860315698384e+00 2.161877202379736218e+01 1.578533919351374834e+03
     4      9        165 -2.774248018917258030e+00 2.638536873843540320e+02 1.125358968001632547e+03
     4     10        166 -1.784039987283345008e+00 2.157863360501903287e+02 0.000000000000000000e+00
     4     14        170 -6.755813502118407143e+00 3.601976352001345845e+02 0.000000000000000000e+00
     4     15        171 -9.427146492375801046e+00 6.676801177716532720e+02 -2.804492410488699988e+03
     4     16        172 -1.231644918703839942e+01 1.036860679634543203e+03 -3.058878375669720299e+03
     4     17        173 -1.549216852201829653e+01 1.729000011044747225e+03 -3.269006141781777842e+03
     4     18        174 -1.879810416967634268e+01 1.729718495362551721e+03 -2.881381169887575652e+03
     4     19        175 -2.120525617210802594e+01 1.763189428756589450e+03 -2.129352154861790041e+03
     4     20        176 -2.302009868597544795e+01 1.758548913086576704e+03 -1.508909510236969936e+03
     4     21        177 -2.419706176108330453e+01 1.919351058758564932e+03 -1.020662035391981703e+03
     4     22        178 -2.504382665721810497e+01 2.133576783314392287e+03 -5.535454593613103498e+02
     4     23        179 -2.529460961788551288e+01 2.537112472359157437e+03 -2.361027172245538281e+02
     4     24        180 -2.551196170718126410e+01 2.837257844463155834e+03 -2.570105653582098739e+02
     4     25        181 -2.580419991514835587e+01 2.845784968613731508e+03 -4.815247712075038748e+02
     4     26        182 -2.646670981629909036e+01 3.120745710864931425e+03 -6.790181299537175619e+02
     4     27        183 -2.715052997830239789e+01 2.683259336923953924e+03 -8.210151486498003806e+02
     4     28        184 -2.809458590409582257e+01 2.055530877679380865e+03 -9.263934807625587382e+02
     4     29        185 -2.898734601964368096e+01 1.406870750395827145e+03 -6.932688003718338905e+02
     4     30        186 -2.946917162811906366e+01 1.194065365048963940e+03 -1.556877033174171743e+02
     4     31        187 -2.929603738765462495e+01 0.000000000000000000e+00 0.000000000000000000e+00
     5      2        197 -9.286988185311940924e+00 0.000000000000000000e+00 0.000000000000000000e+00
     5      3        198 -1.007784803201908552e+01 0.000000000000000000e+00 -1.948518468553344292e+02
     5      4        199 -9.673332654936492858e+00 -2.129566585840000243e+02 7.176503114661931022e+02
     5      5        200 -8.654919620336389841e+00 -6.589328761195747575e+01 1.200231542401596926e+03
     5      6        201 -7.293561427927934382e+00 1.554380433691090602e+01 1.431571478635956964e+03
     5      7        202 -5.816456795532515933e+00 9.024591215807159017e+01 1.594497117654155318e+03
     5      8        203 -4.132056144914977303e+00 5.612434435493761953e+01 1.560689800369600334e+03
     5      9        204 -2.721983312713002867e+00 2.022517403591535583e+02 1.184215954237163487e+03
     5     10        205 -1.784039987283345008e+00 2.401739416764947919e+02 8.918924208960202122e+02
     5     11        206 -9.535745966844684229e-01 0.000000000000000000e+00 0.000000000000000000e+00
     5     14        209 -6.303198693487342297e+00 0.000000000000000000e+00 0.000000000000000000e+00
     5     15        210 -8.931637404081028464e+00 9.305919038430378123e+02 -2.505090026997409041e+03
     5     16        211 -1.127019127509023200e+01 1.502497441873815205e+03 -2.544305939997947007e+03
     5     17        212 -1.397638573372301174e+01 2.029338079238271575e+03 -3.030545897229205366e+03
     5     18        213 -1.727903679661691427e+01 2.230355677134844882e+03 -2.883297096349896492e+03
     5     19        214 -1.969327220637907061e+01 2.038135865353008057e+03 -2.129239698367811798e+03
     5     20        215 -2.150080833866546470e+01 1.918842500357562130e+03 -1.437415337955415453e+03
     5     21        216 -2.254332200233961458e+01 1.992359401864169513e+03 -8.549618799738988173e+02
     5     22        217 -2.319599265125225074e+01 2.211616131241808944e+03 -2.984370538348729838e+02
     5     23        218 -2.313505108851938630e+01 2.541930622290674364e+03 1.101255440651495405e+02
     5     24        219 -2.297764011520698801e+01 2.953620531905441567e+03 -4.015524148907904589e+01
     5     25        220 -2.321466929961728809e+01 3.300708506754033806e+03 -1.653937133547786971e+02
     5     26        221 -2.330557617276321025e+01 3.784260991418835602e+03 -5.948698184868396766e+02
     5     27        222 -2.439415344733276925e+01 3.796797648685176682e+03 -1.288630849499315218e+03
     5     28        223 -2.586062201978192476e+01 3.322114523276112777e+03 -1.512190107838505128e+03
     5     29        224 -2.739246367437472074e+01 2.520308456833216951e+03 -1.081475930520191469e+03
     5     30        225 -2.800492935651838167e+01 1.932142160890130299e+03 -8.017840812720387476e+02
     5     31        226 -2.898220916887052567e+01 1.120896700154716882e+03 -1.857229553384336782e+02
     5     32        227 -2.837317342417971489e+01 0.000000000000000000e+00 0.000000000000000000e+00
     6      1        235 -9.395486784467998120e+00 0.000000000000000000e+00 0.000000000000000000e+00
     6      2        236 -9.544287408020624142e+00 -2.114895739473283527e+02 -3.540967377647913281e+02
     6      3        237 -1.009757567177061865e+01 1.348015817687407605e+02 -4.152603140144522342e+01
     6      4        238 -9.626623566678206956e+00 1.697752095490932334e+02 6.236851852556085305e+02
     6      5        239 -8.860957564223685523e+00 4.300316455679049454e+01 1.146364971462466883e+03
     6      6        240 -7.353656827878695346e+00 1.601579011498092484e+02 1.564696607541195590e+03
     6      7        241 -5.758539543969291685e+00 3.408405811603834650e+02 1.729319634049154729e+03
     6      8        242 -3.924830837206520595e+00 0.000000000000000000e+00 1.669649492116183637e+03
     6      9        243 -2.448025130577834663e+00 0.000000000000000000e+00 1.275081395364783475e+03
     6     10        244 -1.396650307380279843e+00 0.000000000000000000e+00 8.589768155216522700e+02
     6     11        245 -7.448801639361491977e-01 3.141108110294102858e+02 0.000000000000000000e+00
     6     15        249 -7.926143938835997993e+00 1.949720779906638427e+03 0.000000000000000000e+00
     6     16        250 -9.892988927362628360e+00 2.116740754134818872e+03 -2.165059824419433426e+03
     6     17        251 -1.221893819801369574e+01 2.411642837103626334e+03 -2.676901060621805755e+03
     6     18        252 -1.520064157317597164e+01 2.797619625251189518e+03 -2.874224262664253729e+03
     6     19        253 -1.791783541793829926e+01 2.446396939091549939e+03 -2.382764874375728596e+03
     6     20        254 -1.992509272151006172e+01 2.076122500318509992e+03 -1.546148185732006141e+03
     6     21        255 -2.098347636729551979e+01 1.975047735970348185e+03 -7.824937409657358103e+02
     6     22        256 -2.147659009870652724e+01 2.097718137115058198e+03 -1.064750048281937040e+02
     6     23        257 -2.119459075975576212e+01 2.274375864170588102e+03 3.675101219136004715e+02
     6     24        258 -2.074790568835151561e+01 2.510690772959616424e+03 3.602473278652515205e+02
     6     25        259 -2.048030672773888838e+01 3.008743167102737061e+03 1.941925771282646451e+02
     6     26        260 -2.036286839244461078e+01 3.663861786960545032e+03 -2.754547883362688481e+02
     6     27        261 -2.102646749461285935e+01 0.000000000000000000e+00 -1.196966479240031276e+03
     6     28        262 -2.273616578245442454e+01 4.775079068488969824e+03 -1.964804121634508192e+03
     6     29        263 -2.492220273417975207e+01 4.322654769098176075e+03 -1.823996816584382714e+03
     6     30        264 -2.635271391414010722e+01 3.343335380479617015e+03 -1.294094568312473257e+03
     6     31        265 -2.748808182492242480e+01 2.543654707804930240e+03 -7.205300866311293930e+02
     6     32        266 -2.778135222915033609e+01 1.179162817213491508e+03 -2.048677726861186557e+02
     6     33        267 -2.789428547276542147e+01 0.000000000000000000e+00 0.000000000000000000e+00
     7      0        273 -8.778354099118509168e+00 0.000000000000000000e+00 -7.246584351150436305e+02
     7      1        274 -9.496766018974055257e+00 -5.385389194242768696e+01 -4.285728648332606099e+02
     7      2        275 -9.628111280442078979e+00 2.653525956619823774e+02 -1.834075492027720031e+02
     7      3        276 -9.860419191707347153e+00 4.990689855650238087e+02 1.153030770559521585e+02
     7      4        277 -9.399492938505941808e+00 6.090184085374610277e+02 6.429732567315635379e+02
     7      5        278 -8.585557465407388733e+00 8.760091531130788098e+02 1.192407962349285981e+03
     7      6        279 -7.035233993955344545e+00 9.661350010389478484e+02 1.673859109918033027e+03
     7      7        280 -5.266696389753166230e+00 0.000000000000000000e+00 0.000000000000000000e+00
     7     11        284 -4.469280983616895075e-01 0.000000000000000000e+00 0.000000000000000000e+00
     7     15        288 -5.786826174535776524e+00 0.000000000000000000e+00 0.000000000000000000e+00
     7     16        289 -7.855984398781502343e+00 1.668885553804321489e+03 -2.168537165370952152e+03
     7     17        290 -1.008651516664672521e+01 1.880243261933458598e+03 -2.476658038698776636e+03
     7     18        291 -1.276660316809118889e+01 2.285142133733756964e+03 -2.855024996947433010e+03
     7     19        292 -1.574734484833519943e+01 2.267656589011670349e+03 -2.716170082636589541e+03
     7     20        293 -1.815211686437864103e+01 2.209079069774706113e+03 -1.820852997445080746e+03
     7     21        294 -1.935765954083325724e+01 1.991056031408820900e+03 -8.373940547317544087e+02
     7     22        295 -1.981246839382700387e+01 1.989960544482324394e+03 -5.493674422045351236e+01
     7     23        296 -1.946658592593705706e+01 2.006829069094180568e+03 4.460744750762784179e+02
     7     24        297 -1.892800971782407160e+01 2.117173418192180634e+03 5.572448983168968653e+02
     7     25        298 -1.836170296913825695e+01 2.316537833081000372e+03 7.726988763257894561e+02
     7     26        299 -1.739593320753462535e+01 3.110511608632473326e+03 0.000000000000000000e+00
     7     28        301 -1.815863595525956597e+01 0.000000000000000000e+00 0.000000000000000000e+00
     7     29        302 -2.042021749461239466e+01 4.670862837865781330e+03 -2.246184484356959729e+03
     7     30        303 -2.261228095423192030e+01 4.033146380360044077e+03 -2.248982072097644505e+03
     7     31        304 -2.487940943896579782e+01 2.819456711753638956e+03 -1.946254758289489700e+03
     7     32        305 -2.647123725606195421e+01 1.630049367013750953e+03 -1.106920197684236427e+03
     7     33        306 -2.707416665370508824e+01 9.692308477608899011e+02 -1.397068024454351303e+02
     7     34        307 -2.674824233127582573e+01 0.000000000000000000e+00 0.000000000000000000e+00
     8      0        312 -9.260643644107688033e+00 -1.167815305463649054e+02 -2.236347456808112781e+02
     8      1        313 -9.482350670764256861e+00 5.267408236022723713e+02 7.280656019583631178e+01
     8      2        314 -9.116285700685514470e+00 8.490256143976513385e+02 9.570025483823201284e+01
     8      3        315 -9.292600022797026682e+00 9.621363420587912287e+02 2.380425221528983286e+02
     8      4        316 -8.644304482886067120e+00 1.384795762471562966e+03 9.303220792085269295e+02
     8      5        317 -7.447994513162418784e+00 1.667884731099212786e+03 1.436875593920195342e+03
     8      6        318 -5.795324869869054041e+00 0.000000000000000000e+00 0.000000000000000000e+00
     8      8        320 -2.307693589314625537e+00 0.000000000000000000e+00 0.000000000000000000e+00
     8      9        321 -9.430657608175357920e-01 0.000000000000000000e+00 1.076680021600493092e+03
     8     10        322 -1.728953894832148952e-01 0.000000000000000000e+00 0.000000000000000000e+00
     8     12        324 0.000000000000000000e+00 0.000000000000000000e+00 0.000000000000000000e+00
     8     16        328 -7.201152186164747171e+00 1.355648078857630480e+03 0.000000000000000000e+00
     8     17        329 -9.186191055272427519e+00 1.343196423220729002e+03 -2.175582761813760499e+03
     8     18        330 -1.151481090586522349e+01 1.627240781844874846e+03 -2.559067562692542197e+03
     8     19        331 -1.426020814157636529e+01 1.838006196720141816e+03 -2.444641383394821332e+03
     8     20        332 -1.636194832813003330e+01 2.224817815153637639e+03 -1.771159853765952676e+03
     8     21        333 -1.777199325096534821e+01 1.934990910411516097e+03 -9.607443753840856289e+02
     8     22        334 -1.826687395312610107e+01 1.866805289482887474e+03 -9.364380321998517331e+01
     8     23        335 -1.795766644869239670e+01 1.764009067023854413e+03 4.709964675555571603e+02
     8     24        336 -1.733300094453261053e+01 1.827551048079405746e+03 6.121921763982981020e+02
     8     25        337 -1.674383622067048805e+01 1.772355829985641321e+03 1.002262832263894666e+03
     8     26        338 -1.534575417933832497e+01 2.092167891418325780e+03 1.076483306377797135e+03
     8     27        339 -1.460942805993599158e+01 0.000000000000000000e+00 0.000000000000000000e+00
     8     29        341 -1.738831272512456394e+01 3.166053918050770335e+03 0.000000000000000000e+00
     8     30        342 -1.984743164086844658e+01 3.146738400069355066e+03 -2.800194137507514824e+03
     8     31        343 -2.294042596582851345e+01 2.338757715137771811e+03 -2.675424437194338225e+03
     8     32        344 -2.515215649664989073e+01 1.699591732725928296e+03 -1.710007210959865233e+03
     8     33        345 -2.633096005434008902e+01 1.078060541306585719e+03 -7.691814852805213150e+02
     8     34        346 -2.667725886427773219e+01 5.783923348246532896e+02 0.000000000000000000e+00
     9      0        351 -8.966717413727730346e+00 3.006943668720678602e+02 3.223390082670089782e+02
     9      1        352 -8.647156949718681318e+00 8.066041745621275822e+02 3.571011720028735681e+02
     9      2        353 -8.258671454059788530e+00 1.124035925434597630e+03 1.707821628912750782e+02
     9      3        354 -8.308536889357897692e+00 1.509249354122340264e+03 5.511465032069605741e+02
     9      4        355 -7.165880151830003264e+00 1.956752121629247540e+03 1.217092208647298094e+03
     9      5        356 -5.895335005861652711e+00 0.000000000000000000e+00 0.000000000000000000e+00
     9     16        367 -5.669385504396703190e+00 0.000000000000000000e+00 0.000000000000000000e+00
     9     17        368 -7.920000228322154001e+00 0.000000000000000000e+00 -2.255720208151256429e+03
     9     18        369 -1.014193755614402548e+01 1.636577047895329997e+03 -2.452502408202460174e+03
     9     19        370 -1.278272417701217911e+01 1.716084073912154054e+03 -2.230047400134099007e+03
     9     20        371 -1.456358658820108332e+01 1.968136345555804155e+03 -1.741956944629365125e+03
     9     21        372 -1.623660692302122754e+01 1.929144792121397131e+03 -1.128633509476048403e+03
     9     22        373 -1.680139609145282620e+01 1.725287479710882280e+03 -1.940286900849197025e+02
     9     23        374 -1.662131927023577305e+01 1.592485780821967182e+03 4.141415592059975097e+02
     9     24        375 -1.598025272728590984e+01 1.587671911883865278e+03 5.640349029104967258e+02
     9     25        376 -1.550297336317091634e+01 1.474771930003480065e+03 9.879619178235569734e+02
     9     26        377 -1.402136124480393242e+01 1.117037101990689735e+03 1.123376252156949022e+03
     9     27        378 -1.327558774002812214e+01 1.092575166760096636e+03 2.073363076561044238e+02
     9     28        379 -1.361026308428825438e+01 0.000000000000000000e+00 -1.027823942175188222e+03
     9     29        380 -1.531351605436382002e+01 1.895378582200048413e+03 -1.980305868317838303e+03
     9     30        381 -1.753673456883963411e+01 2.327219628335635662e+03 -2.921978902577230201e+03
     9     31        382 -2.110709926945370540e+01 2.364196195690666627e+03 -3.123493475126249905e+03
     9     32        383 -2.372987284029432331e+01 1.744703665686176009e+03 -2.132484196643126324e+03
     9     33        384 -2.533530387326484146e+01 1.152744054765112878e+03 -1.051790815965960064e+03
     9     34        385 -2.581532171598312431e+01 7.885840156971238457e+02 -2.952029963594935680e+02
     9     35        386 -2.592062059928367290e+01 0.000000000000000000e+00 0.000000000000000000e+00
    10      0        390 -8.775637261990983262e+00 9.713659759835128398e+02 5.994699558398672252e+02
    10      1        391 -8.181334703707413780e+00 1.080586168963985756e+03 7.425863287522947758e+02
    10      2        392 -7.303266709890187336e+00 1.321017282882501604e+03 6.672947782153838716e+02
    10      3        393 -6.858249234754890011e+00 1.741740976286798741e+03 9.154484606241909432e+02
    10      4        394 -5.488152017900379320e+00 0.000000000000000000e+00 0.000000000000000000e+00
    10      9        399 0.000000000000000000e+00 0.000000000000000000e+00 0.000000000000000000e+00
    10     18        408 -8.875086320028014342e+00 1.183182219242034307e+03 0.000000000000000000e+00
    10     19        409 -1.149224232713747540e+01 1.419096444178767115e+03 -2.174921353669261407e+03
    10     20        410 -1.318743362604206304e+01 1.651522841808379326e+03 -1.597837182212963398e+03
    10     21        411 -1.466037015692794654e+01 1.912381188270997654e+03 -1.158299394280240676e+03
    10     22        412 -1.548406346236012787e+01 1.626507918938327748e+03 -3.675123967891670418e+02
    10     23        413 -1.538905907781549054e+01 1.634213379642531891e+03 3.590476387731644081e+02
    10     24        414 -1.477215812602141654e+01 1.663293517951950662e+03 5.164331867819514628e+02
    10     25        415 -1.436509595473602374e+01 1.625278988129186700e+03 6.194063242124746012e+02
    10     26        416 -1.354402397347406861e+01 1.112035451305810284e+03 7.655702266650361025e+02
    10     27        417 -1.284715384664379023e+01 7.328123010238454071e+02 2.567369707299075117e+02
    10     28        418 -1.303497614872698307e+01 6.662532155590600951e+02 -7.484511825606274442e+02
    10     29        419 -1.433115299693636047e+01 9.940223503423604825e+02 -1.542675644731189550e+03
    10     30        420 -1.609373188230174279e+01 1.404814097219888026e+03 -2.418815899772063403e+03
    10     31        421 -1.912708468041009979e+01 1.858874727224376556e+03 -3.149295095836873315e+03
    10     32        422 -2.233802857811717502e+01 1.677335384517424245e+03 -2.695510889388263422e+03
    10     33        423 -2.447163615238606482e+01 1.204554595417275095e+03 -1.546974846033504946e+03
    10     34        424 -2.540530859654608520e+01 7.077742309713738678e+02 -9.211796681835223808e+02
    10     35        425 -2.629811445411605675e+01 2.956816658334107046e+02 0.000000000000000000e+00
    11      0        429 -7.399948130272993474e+00 1.862178858957093098e+03 5.000379834137790453e+02
    11      1        430 -6.904220446363596331e+00 1.718488867080784303e+03 6.415388625029603418e+02
    11      2        431 -6.127930463633878944e+00 0.000000000000000000e+00 7.086247012927085507e+02
    11      3        432 -5.499187654516116908e+00 0.000000000000000000e+00 0.000000000000000000e+00
    11     18        447 -8.233518274769389578e+00 0.000000000000000000e+00 0.000000000000000000e+00
    11     19        448 -1.049378594572614709e+01 1.085737342212873045e+03 -1.849057189539438696e+03
    11     20        449 -1.189975511433323163e+01 1.641797206658038476e+03 -1.340674951397592622e+03
    11     21        450 -1.315202276203500276e+01 2.041614690806292856e+03 -1.148982888268019451e+03
    11     22        451 -1.417791255415039053e+01 1.826100112833178173e+03 -4.203153004781947857e+02
    11     23        452 -1.398540717413603041e+01 2.001482702963284964e+03 4.440662602457105663e+02
    11     24        453 -1.329743568640911633e+01 2.125710892783196414e+03 5.567668686205130371e+02
    11     25        454 -1.288147203555140052e+01 2.170631755344194062e+03 5.395192314884279767e+02
    11     26        455 -1.222769847475006166e+01 1.818790396220964794e+03 3.973639126639858432e+02
    11     27        456 -1.209359471971521494e+01 8.729851160511402668e+02 -1.553028905963462591e+02
    11     28        457 -1.253562685144721378e+01 3.748480426288063541e+02 -8.153322920723724110e+02
    11     29        458 -1.371020306617004003e+01 5.131139040447818616e+02 -1.379494295964692355e+03
    11     30        459 -1.527083311572380531e+01 6.203076903016132064e+02 -2.218430516370575333e+03
    11     31        460 -1.810881860447920033e+01 9.545969766686002913e+02 -2.901800250929563845e+03
    11     32        461 -2.102440690521997624e+01 1.631943577762871428e+03 -2.664766797813814719e+03
    11     33        462 -2.339241191801267661e+01 1.384669822290353522e+03 -1.840518699636959809e+03
    11     34        463 -2.467371396759152447e+01 7.932931957328416956e+02 -1.034561642954130548e+03
    11     35        464 -2.544369947669704146e+01 7.282967124746579657e+02 -4.408323229320515679e+02
    11     36        465 -2.554777871342372464e+01 0.000000000000000000e+00 0.000000000000000000e+00
    12      0        468 -5.772027182320779382e+00 1.598293159202060679e+03 3.656893370871350726e+02
    12      1        469 -5.409490066906172956e+00 1.450752725052350115e+03 0.000000000000000000e+00
    12      4        472 -2.756034773404967719e+00 0.000000000000000000e+00 0.000000000000000000e+00
    12      7        475 0.000000000000000000e+00 0.000000000000000000e+00 0.000000000000000000e+00
    12     19        487 -9.740997214854701269e+00 1.295859373253312242e+03 0.000000000000000000e+00
    12     20        488 -1.053928916077075328e+01 1.809936968890839125e+03 -8.202409311175691755e+02
    12     21        489 -1.136733821501079156e+01 2.096158194146992628e+03 -1.008370902807290349e+03
    12     22        490 -1.253864676459757987e+01 2.243642133704880052e+03 -4.001593502311013708e+02
    12     23        491 -1.216075821294963966e+01 2.569630713421478504e+03 6.027778826373246375e+02
    12     24        492 -1.134348282272421038e+01 2.731242465439837360e+03 6.540341762826236618e+02
    12     25        493 -1.086396533656575691e+01 2.868603777082318175e+03 3.697297021413289713e+02
    12     26        494 -1.061039751722906921e+01 2.448619121386123879e+03 -2.900517769797125993e+02
    12     27        495 -1.143906843027204090e+01 1.683704960783575189e+03 -9.178950702985114276e+02
    12     28        496 -1.243036324928987746e+01 1.148682132087279342e+03 -1.041202659248591999e+03
    12     29        497 -1.350352353116582904e+01 1.034466015062052975e+03 -1.342996782054471623e+03
    12     30        498 -1.509320369881118040e+01 8.299320341428283427e+02 -2.059674025870021069e+03
    12     31        499 -1.758736303264620204e+01 1.103076240276241379e+03 -2.326339855061486560e+03
    12     32        500 -1.970577756955035653e+01 1.585054735793714372e+03 -2.345651116117655874e+03
    12     33        501 -2.223822650151305780e+01 1.389991514563299916e+03 -2.229208182774758370e+03
    12     34        502 -2.412576263490231554e+01 8.374053520192571796e+02 -1.455132345546949182e+03
    12     35        503 -2.512340487342375539e+01 5.033872016752125091e+02 -7.792075697141693809e+02
    12     36        504 -2.567074432282115026e+01 9.648577237011288332e+01 0.000000000000000000e+00
    13      0        507 -4.821973721340099495e+00 1.496760321421748813e+03 2.599927754200481900e+02
    13      1        508 -4.564222069131102621e+00 1.271994478317874837e+03 3.965616742943574309e+02
    13      2        509 -4.035687051743241938e+00 0.000000000000000000e+00 0.000000000000000000e+00
    13     19        526 -8.403623523025995468e+00 1.171402676507288561e+03 0.000000000000000000e+00
    13     20        527 -8.980408835011347790e+00 1.387898574409951834e+03 -6.896402095463262185e+02
    13     21        528 -9.771014621898949315e+00 1.638246476123115144e+03 -7.961682612278764282e+02
    13     22        529 -1.055901950552942736e+01 1.879882810913897174e+03 -3.515034544887293322e+01
    13     23        530 -9.840709324765414934e+00 2.131726058556726912e+03 8.407240433262534225e+02
    13     24        531 -8.892065407523668696e+00 2.453224669874762640e+03 7.999783369362646681e+02
    13     25        532 -8.254544188110406466e+00 2.738690784836971034e+03 3.096080895081313429e+02
    13     26        533 -8.278186837405229426e+00 2.713237085677447340e+03 -5.665389131923637933e+02
    13     27        534 -9.377854946881290843e+00 2.759877169466984924e+03 -1.212788070077220482e+03
    13     28        535 -1.068285464662974427e+01 2.595827240525269644e+03 -1.343481401370825552e+03
    13     29        536 -1.204165628025239165e+01 2.186409944198116591e+03 -1.638794175350495379e+03
    13     30        537 -1.393219036870611305e+01 1.799723350623780334e+03 -2.162616813920287314e+03
    13     31        538 -1.632960663566005977e+01 1.711575045619719276e+03 -2.287515810792139291e+03
    13     32        539 -1.846778547309540031e+01 1.571291411563004658e+03 -2.431364215363333187e+03
    13     33        540 -2.115041861875646489e+01 1.381446427837312058e+03 -2.448723673645694817e+03
    13     34        541 -2.332301709763378739e+01 8.898378072711906270e+02 -1.755805002179318990e+03
    13     35        542 -2.463175874089928641e+01 5.295369549298866332e+02 -1.043562671492082018e+03
    13     36        543 -2.539215153666695457e+01 2.417367069070702144e+02 -5.655028346942517601e+02
    13     37        544 -2.575301520455158411e+01 0.000000000000000000e+00 0.000000000000000000e+00
    14      0        546 -3.357820637848154544e+00 0.000000000000000000e+00 0.000000000000000000e+00
    14      1        547 -3.357820637848154544e+00 0.000000000000000000e+00 2.095852540600688485e+02
    14      2        548 -2.942263356109474870e+00 0.000000000000000000e+00 0.000000000000000000e+00
    14     19        565 -7.851577801898613984e+00 9.811607867614885663e+02 0.000000000000000000e+00
    14     20        566 -8.300671679100755540e+00 9.973940354894051552e+02 -4.404683703778712243e+02
    14     21        567 -8.724920917123855091e+00 1.231608537175177162e+03 -6.081468589313216171e+02
    14     22        568 -9.506481013010214198e+00 1.425127567105213984e+03 1.281141958775383616e+00
    14     23        569 -8.722380719950644234e+00 1.620701306806366119e+03 1.069185503636057092e+03
    14     24        570 -7.386542644454672235e+00 1.868242026861875729e+03 1.147793649082321281e+03
    14     25        571 -6.446581256154089168e+00 2.081093196629645718e+03 5.812470898730713316e+02
    14     26        572 -6.234069099646296408e+00 2.323790516694819416e+03 -2.728168741056082354e+02
    14     27        573 -6.987511671913573252e+00 2.520608599635927931e+03 -1.013406754476788706e+03
    14     28        574 -8.243411589291550712e+00 2.693859910741694875e+03 -1.507712264431027734e+03
    14     29        575 -9.976943409660998796e+00 2.497740770795604021e+03 -1.990618991306308089e+03
    14     30        576 -1.219033152273092746e+01 2.155924796118000813e+03 -2.445947262250344920e+03
    14     31        577 -1.482667007643117785e+01 1.817596229830390030e+03 -2.512166854420233904e+03
    14     32        578 -1.717135575546477000e+01 1.474452844341331456e+03 -2.614207302687669198e+03
    14     33        579 -2.001001603976376941e+01 1.079521796890994892e+03 -2.783563580747630112e+03
    14     34        580 -2.269049459159082005e+01 8.005080516383943632e+02 -2.148151814394343091e+03
    14     35        581 -2.426928577109647378e+01 5.055172749064319646e+02 -1.306431053684703784e+03
    14     36        582 -2.528083397344740746e+01 4.045070220437464172e+02 -1.071187137474379369e+03
    14     37        583 -2.639319289938475421e+01 -6.925725288087164699e+01 0.000000000000000000e+00
    15      4        589 -1.494482882567998772e+00 0.000000000000000000e+00 0.000000000000000000e+00
    15     18        603 -5.567217005338227942e+00 0.000000000000000000e+00 0.000000000000000000e+00
    15     19        604 -6.821055653823342446e+00 1.152304994430515535e+03 -9.100649420944690746e+02
    15     20        605 -7.371657471527017336e+00 1.152112504398869760e+03 -4.859035773272124175e+02
    15     21        606 -7.784485885051941167e+00 1.255305652328271663e+03 -4.482114954967130416e+02
    15     22        607 -8.260353346377351968e+00 0.000000000000000000e+00 2.813725635192611207e+02
    15     23        608 -7.226591589595467546e+00 0.000000000000000000e+00 1.201193033641767897e+03
    15     24        609 -5.878675712890089500e+00 0.000000000000000000e+00 1.174502336367890166e+03
    15     25        610 -4.897835206014764076e+00 0.000000000000000000e+00 6.801920335753502513e+02
    15     26        611 -4.530018080460162189e+00 2.022042765815327812e+03 -2.089977179968956875e+02
    15     27        612 -5.312227544683232772e+00 2.024881394184538976e+03 -9.117404786896414635e+02
    15     28        613 -6.337780733775455921e+00 2.062905070976205479e+03 -1.362084141568710720e+03
    15     29        614 -8.012913649285941631e+00 2.094954542679187398e+03 -2.076398779204203038e+03
    15     30        615 -1.045478140904389797e+01 1.940954734650176079e+03 -2.715907302533492384e+03
    15     31        616 -1.339790631566683921e+01 1.796762326192021646e+03 -2.841886134252534248e+03
    15     32        617 -1.608955987786858444e+01 1.313942268958389604e+03 -3.031780066756365159e+03
    15     33        618 -1.940919889930297870e+01 1.005329346641728534e+03 -2.996970731725080896e+03
    15     34        619 -2.203183390049190749e+01 8.584978759083766136e+02 -2.222751692634739811e+03
    15     35        620 -2.381638229354409830e+01 3.463815369858990039e+02 -1.365705377871550127e+03
    15     36        621 -2.473970004799071631e+01 3.168402853643210051e+02 -1.033075916837281511e+03
    15     37        622 -2.586472401374714991e+01 2.350174504834632501e+02 0.000000000000000000e+00
    16      1        625 -1.211969658113227322e+00 0.000000000000000000e+00 0.000000000000000000e+00
    16      2        626 -1.134749055736082202e+00 0.000000000000000000e+00 0.000000000000000000e+00
    16     19        643 -5.992962084359978903e+00 7.713471335450924471e+02 0.000000000000000000e+00
    16     20        644 -6.442366439256841382e+00 9.744229946766587318e+02 -3.566784097103109161e+02
    16     21        645 -6.700169807817521139e+00 1.144402247797022028e+03 0.000000000000000000e+00
    16     26        650 -2.972605785467905104e+00 0.000000000000000000e+00 0.000000000000000000e+00
    16     27        651 -3.721469778861735023e+00 0.000000000000000000e+00 -9.801656955156460072e+02
    16     28        652 -4.916039229336262473e+00 1.641546757405687686e+03 -1.450708489153718347e+03
    16     29        653 -6.597876704776301615e+00 1.334344283836729574e+03 -2.089824317686814084e+03
    16     30        654 -9.059659526785342365e+00 1.303843099779020122e+03 -2.688523519536333879e+03
    16     31        655 -1.192857389852457040e+01 0.000000000000000000e+00 -3.022234954087481583e+03
    16     32        656 -1.505202644176048921e+01 1.116090831598545265e+03 -3.258029775097077618e+03
    16     33        657 -1.838846537912933243e+01 9.094060616993134545e+02 -3.154062843167901974e+03
    16     34        658 -2.130577643680627276e+01 7.930137183984084004e+02 -2.684198983217715522e+03
    16     35        659 -2.371058805476369713e+01 1.300260755073001917e+02 -1.747063852865693661e+03
    16     36        660 -2.476978495676013026e+01 -6.373381800516739304e+01 -1.161780660062172046e+03
    16     37        661 -2.601412040601219999e+01 -1.472489557509339875e+02 0.000000000000000000e+00
    17      1        664 -4.939868270948997164e-01 0.000000000000000000e+00 0.000000000000000000e+00
    17      4        667 -4.939868270948997164e-01 0.000000000000000000e+00 0.000000000000000000e+00
    17     16        679 -3.422170080751263832e+00 0.000000000000000000e+00 0.000000000000000000e+00
    17     17        680 -4.387089783104860530e+00 0.000000000000000000e+00 -9.300558308601179078e+02
    17     18        681 -5.266247683780855837e+00 0.000000000000000000e+00 -6.000816263635648511e+02
    17     19        682 -5.576907695587854263e+00 5.383726843866519403e+02 -2.691751102880235749e+02
    17     20        683 -5.799957355506811574e+00 7.147933334520372455e+02 -1.824271337007071452e+02
    17     21        684 -5.938616939570816378e+00 1.085792624917837657e+03 0.000000000000000000e+00
    17     28        691 -3.690040231794347036e+00 0.000000000000000000e+00 0.000000000000000000e+00
    17     29        692 -5.860676810485772492e+00 6.410202158909377204e+02 -2.351117181662543771e+03
    17     30        693 -8.351741597391228566e+00 4.963585417508879800e+02 0.000000000000000000e+00
    17     32        695 -1.428935596324873103e+01 5.614943325340492493e+02 0.000000000000000000e+00
    17     33        696 -1.794236814870418328e+01 5.093110520314387486e+02 -3.259790592880725853e+03
    17     34        697 -2.075273872311878165e+01 4.996113907030152177e+02 -2.856769180687454536e+03
    17     35        698 -2.360665612833974691e+01 1.775187349408295177e+02 -2.062660560901003009e+03
    17     36        699 -2.484249980713060779e+01 -7.849078302081527170e+01 -1.258636262153581583e+03
    17     37        700 -2.610222990400417586e+01 -7.967464869368609470e+01 -1.106803883294316165e+03
    17     38        701 -2.703702639833715438e+01 0.000000000000000000e+00 -9.429244504609195019e+02
    18      2        704 -3.457907789664297904e-01 0.000000000000000000e+00 0.000000000000000000e+00
    18     14        716 -3.103340192798934805e+00 0.000000000000000000e+00 0.000000000000000000e+00
    18     15        717 -3.584696827713420575e+00 0.000000000000000000e+00 -5.934224485068809827e+02
    18     16        718 -4.279954553051365629e+00 -7.620531179916517885e+02 -6.904341441478912884e+02
    18     17        719 -4.953662108445610279e+00 -3.399321904866060891e+02 -4.321313117131390413e+02
    18     18        720 -5.136767280907755584e+00 3.035960416210081689e+02 -8.620772706075189262e+01
    18     19        721 -5.124591350976998250e+00 5.828019034154406199e+02 -7.699868227277217159e+01
    18     20        722 -5.289437196767211802e+00 7.100779320012987910e+02 8.864200107072956314e+01
    18     21        723 -4.948835527037819482e+00 1.349550037447579143e+03 0.000000000000000000e+00
    18     29        731 -5.563940156489693756e+00 0.000000000000000000e+00 0.000000000000000000e+00
    18     30        732 -8.259055700808966449e+00 -1.930420551471734996e+02 -2.779571840757839254e+03
    18     31        733 -1.107516432978794008e+01 0.000000000000000000e+00 -2.969247667800541876e+03
    18     32        734 -1.414636153811020947e+01 1.039814605128921841e+02 -3.274125484647681333e+03
    18     33        735 -1.756696974125821598e+01 3.928493054508904834e+02 -3.204403970766934435e+03
    18     34        736 -2.049992591293444022e+01 3.156703365326907829e+02 -2.954108571818765085e+03
    18     35        737 -2.342425838292047047e+01 1.362142268295959582e+02 -2.217343940263135664e+03
    18     36        738 -2.489638703147950594e+01 -1.279136229282035657e+02 -1.371004794534057282e+03
    18     37        739 -2.614263200239266993e+01 -3.024871363089701148e+01 -1.135644211459199141e+03
    18     38        740 -2.714809707497805036e+01 -9.803986264079982504e+01 -1.014207484487537045e+03
    19      0        741 -1.067487773262856487e+00 0.000000000000000000e+00 0.000000000000000000e+00
    19      2        743 -9.108601835420243598e-01 0.000000000000000000e+00 0.000000000000000000e+00
    19      3        744 -8.407940155772531954e-01 0.000000000000000000e+00 -4.176272799966433524e+01
    19      4        745 -9.936656547731174127e-01 0.000000000000000000e+00 0.000000000000000000e+00
    19      9        750 -1.602135127200364773e+00 0.000000000000000000e+00 0.000000000000000000e+00
    19     10        751 -2.031491356189497832e+00 0.000000000000000000e+00 0.000000000000000000e+00
    19     12        753 -2.875421671792466771e+00 0.000000000000000000e+00 0.000000000000000000e+00
    19     13        754 -3.562601822062413603e+00 0.000000000000000000e+00 -4.640239486978915124e+02
    19     14        755 -3.795469848117305478e+00 -8.756420309058094062e+02 -2.934593313670897601e+02
    19     15        756 -4.144461278686240036e+00 -8.274362099300100226e+02 -4.316494769540701668e+02
    19     16        757 -4.651327213233011015e+00 -5.586696825257479304e+02 -3.989003574249960025e+02
    19     17        758 -4.935384995908298045e+00 -1.760320932754913770e+02 -6.316135667143866073e+01
    19     18        759 -4.776561031838339133e+00 1.640641395584868576e+02 1.505529328002907050e+02
    19     19        760 -4.636874646061148297e+00 4.264172968427152455e+02 6.149366700123331242e+01
    19     20        761 -4.654633841789691751e+00 6.896182415098444380e+02 4.413144743990373513e+02
    19     21        762 -3.761853909532439033e+00 1.125750571856890019e+03 0.000000000000000000e+00
    19     30        771 -8.663109680994663719e+00 0.000000000000000000e+00 0.000000000000000000e+00
    19     31        772 -1.125065464511146196e+01 -7.991037448677067232e+02 -2.752995114376732090e+03
    19     32        773 -1.412163858132642424e+01 -4.641001330210875722e+02 -3.055369808843793635e+03
    19     33        774 -1.730872002840247958e+01 6.081455959243488252e+01 -3.087583900637400347e+03
    19     34        775 -2.024357678085858225e+01 1.084593912317114359e+02 -3.065539139855481608e+03
    19     35        776 -2.338694875558555708e+01 -5.135640151790197905e+01 -2.423511484327955714e+03
    19     36        777 -2.504881868209058737e+01 -3.926734379724594532e+02 -1.394052127629281358e+03
    19     37        778 -2.615101970779869589e+01 -3.114348927189178085e+02 -1.082501890952107942e+03
    19     38        779 -2.719516025224757172e+01 -3.661421468113829860e+02 -1.053219235466796817e+03
    20      1        781 -1.022374256408016047e+00 0.000000000000000000e+00 0.000000000000000000e+00
    20      5        785 -6.287105072116905280e-01 0.000000000000000000e+00 0.000000000000000000e+00
    20     10        790 -2.377487537329919132e+00 -3.991023039688319045e+02 0.000000000000000000e+00
    20     11        791 -3.006539028862430296e+00 0.000000000000000000e+00 -4.777945424636801590e+02
    20     12        792 -3.324839497687190892e+00 -4.930007306979285886e+02 -5.454260324610337420e+02
    20     13        793 -4.087988009877376427e+00 -5.668464372574698018e+02 -6.006130482973557037e+02
    20     14        794 -4.515711092382956870e+00 -7.192880387416514623e+02 -4.192771019865878657e+02
    20     15        795 -4.919313923421278822e+00 -7.901831766395280283e+02 -3.355687498457181164e+02
    20     16        796 -5.181063424290652364e+00 -6.088341470009585237e+02 -1.605236908831268181e+02
    20     17        797 -5.237593894677909034e+00 -3.140603896112364737e+02 1.558051127868516232e+02
    20     18        798 -4.872139261466984728e+00 -2.709721635718139510e+01 4.038785668764039656e+02
    20     19        799 -4.436799582328199598e+00 2.969328025771152397e+02 3.505340969342477138e+02
    20     20        800 -4.177114236295273564e+00 5.706999176086994794e+02 6.575423246504130930e+02
    20     21        801 -3.133050889294941577e+00 0.000000000000000000e+00 0.000000000000000000e+00
    20     31        811 -1.236408244377140164e+01 -1.575638735502496502e+03 0.000000000000000000e+00
    20     32        812 -1.489493401320484800e+01 -9.656135959513844682e+02 -2.574590914882569450e+03
    20     33        813 -1.746887861359669714e+01 -4.139944645277046220e+02 -2.738632770891675136e+03
    20     34        814 -2.032498583176473517e+01 -2.908868372890101455e+02 -3.045358478482538885e+03
    20     35        815 -2.350709393038294692e+01 -2.348858742754798072e+02 -2.625010268860007727e+03
    20     36        816 -2.552975148551125884e+01 -5.109329158782043692e+02 -1.582575933913024755e+03
    20     37        817 -2.664496236579043398e+01 -5.301327038844009394e+02 -1.114061282881666102e+03
    20     38        818 -2.773866775913385041e+01 -5.213142431775401064e+02 -1.103215045452596542e+03
    21      1        820 -1.321587493084784182e+00 0.000000000000000000e+00 0.000000000000000000e+00
    21      2        821 -1.245402402139999198e+00 0.000000000000000000e+00 6.586929618028230493e+01
    21      3        822 -1.190984480036581195e+00 0.000000000000000000e+00 2.744554007511767324e+01
    21      4        823 -1.190984480036581195e+00 0.000000000000000000e+00 1.646732404507053786e+02
    21      5        824 -8.644769474160745037e-01 0.000000000000000000e+00 -4.225500528554989188e+01
    21      6        825 -1.274766019033995557e+00 0.000000000000000000e+00 -4.217476412395763532e+02
    21      7        826 -1.700701347645048545e+00 0.000000000000000000e+00 -3.277993166199696020e+02
    21      8        827 -1.924713428651610103e+00 0.000000000000000000e+00 -3.355845774658986898e+02
    21      9        828 -2.366085061926700206e+00 0.000000000000000000e+00 -3.785187358619319298e+02
    21     10        829 -2.675225279627840180e+00 -4.587535765211197827e+02 -4.290600007547904511e+02
    21     11        830 -3.216808116924427363e+00 -5.333865297420418301e+02 -5.020194905529340303e+02
    21     12        831 -3.670609500763085009e+00 -7.041986712831089790e+02 -6.355238355242973967e+02
    21     13        832 -4.476899427999797787e+00 -7.026901599732584600e+02 -6.481063130976694993e+02
    21     14        833 -4.955648846476568892e+00 -7.249789600121152944e+02 -4.751414389417780626e+02
    21     15        834 -5.418990920521784993e+00 -5.773278356426811797e+02 -3.417963883095438860e+02
    21     16        835 -5.633349091520066132e+00 -3.513581363929754389e+02 -1.157943722630298211e+01
    21     17        836 -5.441950166769362163e+00 -7.393224000154289399e+01 4.100755675615583868e+02
    21     18        837 -4.820267613400013751e+00 1.370208711193688202e+02 6.475895205901275631e+02
    21     19        838 -4.157935496625827732e+00 2.700680970556693410e+02 5.477953990921363356e+02
    21     20        839 -3.734120746739061580e+00 0.000000000000000000e+00 0.000000000000000000e+00
    21     23        842 -1.117320245904223741e+00 0.000000000000000000e+00 0.000000000000000000e+00
    21     31        850 -1.379208849563030626e+01 0.000000000000000000e+00 0.000000000000000000e+00
    21     32        851 -1.567912953656715125e+01 -1.221304571048237676e+03 -2.110384313010423739e+03
    21     33        852 -1.797647433170258680e+01 -8.120521758737879736e+02 -2.538700721407704350e+03
    21     34        853 -2.071276406237136669e+01 -6.589893169831217392e+02 -2.919836170197236243e+03
    21     35        854 -2.376580902249949645e+01 -4.100281939939569611e+02 -2.602516673676761911e+03
    21     36        855 -2.587293031282112565e+01 -4.433713537477221962e+02 -1.634232343416934782e+03
    21     37        856 -2.700609972618198640e+01 -4.129447099887062222e+02 -1.090946992409147924e+03
    21     38        857 -2.803601649328589929e+01 -3.013773831507773480e+02 -1.038871783890132974e+03
    22      3        861 -1.314481186810306124e+00 -2.487618413939449908e+02 0.000000000000000000e+00
    22      6        864 -1.531196688795195993e+00 0.000000000000000000e+00 0.000000000000000000e+00
    22      7        865 -1.857650499330940175e+00 -1.369505696368054259e+02 -3.399627366659575500e+02
    22      8        866 -2.205261242501143304e+00 -1.247172410560828268e+02 -4.031538429892573845e+02
    22      9        867 -2.657007858065261185e+00 -1.113213683708708146e+02 -4.600531407270262889e+02
    22     10        868 -3.117436259170359936e+00 -1.875001007258754555e+02 -6.101895310866585760e+02
    22     11        869 -3.866867320845484013e+00 -3.404698400394914302e+02 -6.774615664992682014e+02
    22     12        870 -4.460680030395679729e+00 -5.053739108730952125e+02 -6.831527694303306362e+02
    22     13        871 -5.221395382229775173e+00 -4.937128454046617207e+02 -6.175175963924986036e+02
    22     14        872 -5.685069288759830641e+00 -4.068729309520796278e+02 -3.172961589592150062e+02
    22     15        873 -5.850517549791357297e+00 -8.626876830293294063e+01 -3.163210755062884871e+01
    22     16        874 -5.747788169858390361e+00 1.436604819089818932e+02 2.489833746043925942e+02
    22     17        875 -5.356843246163725425e+00 4.032909444680677780e+02 5.530963404889308777e+02
    22     18        876 -4.651130808041721743e+00 4.573005157608730542e+02 6.837192523627360288e+02
    22     19        877 -4.001191985017134911e+00 3.477052659456630295e+02 0.000000000000000000e+00
    22     32        890 -1.686484291980805850e+01 -1.207527909003674040e+03 0.000000000000000000e+00
    22     33        891 -1.877868195979010935e+01 -1.128305442178484100e+03 -2.281195177942945065e+03
    22     34        892 -2.138790572550362867e+01 -9.449340374864809746e+02 -2.718316163252231945e+03
    22     35        893 -2.416845081911862536e+01 -6.645828753210976174e+02 -2.449607305156150233e+03
    22     36        894 -2.624488937935433697e+01 -5.283150230340251028e+02 -1.584948489248825808e+03
    22     37        895 -2.731102346260860259e+01 -4.051035437926832969e+02 -9.985506691226844396e+02
    22     38        896 -2.822477581554432291e+01 -2.728865793380919627e+02 -9.216973324916865522e+02
    23      2        899 -1.571191000249959835e+00 0.000000000000000000e+00 0.000000000000000000e+00
    23      3        900 -1.592226052860918450e+00 -1.593321262734501254e+01 0.000000000000000000e+00
    23      5        902 -1.524654105491580314e+00 0.000000000000000000e+00 0.000000000000000000e+00
    23      7        904 -1.921596407965977082e+00 -2.611671030317011173e+02 0.000000000000000000e+00
    23      8        905 -2.125876684556310625e+00 -7.382528438016437633e+01 -3.147354896072042720e+02
    23      9        906 -2.545641382477287884e+00 -1.014875820351499840e+02 -4.295919372345949796e+02
    23     10        907 -2.977654441988121459e+00 -4.751133236134472071e+01 -6.154698919149470839e+02
    23     11        908 -3.765970534082918597e+00 4.650117266115675818e+01 -7.606065189573736234e+02
    23     12        909 -4.485754708431751503e+00 5.895695841600606002e+00 -7.601854217140886476e+02
    23     13        910 -5.273235865709440695e+00 -6.819779732559487684e+01 -5.679767935222625965e+02
    23     14        911 -5.611916438966074061e+00 8.966662745419266400e+01 -1.436899327924378156e+02
    23     15        912 -5.558138532894820294e+00 3.073436715606237044e+02 1.060567997312185042e+02
    23     16        913 -5.401631246890599591e+00 3.649977331894852455e+02 3.866722818862390341e+02
    23     17        914 -4.791460156093156009e+00 4.318206368327697078e+02 6.652184631177110532e+02
    23     18        915 -4.082662612692941728e+00 4.566964692905586389e+02 6.023711509978164713e+02
    23     19        916 -3.597102665490746087e+00 3.399457359621220007e+02 4.278409904905733470e+02
    23     20        917 -3.234356562622786591e+00 0.000000000000000000e+00 7.721682334059170216e+02
    23     21        918 -2.066078292816348139e+00 0.000000000000000000e+00 0.000000000000000000e+00
    23     31        928 -1.595165429604606189e+01 0.000000000000000000e+00 0.000000000000000000e+00
    23     32        929 -1.762681731184228084e+01 -1.254798660443676226e+03 -1.939077521698651481e+03
    23     33        930 -1.979637985945196377e+01 -1.568096190954626763e+03 -2.325083346382692071e+03
    23     34        931 -2.223689982729321102e+01 -1.330492080579056164e+03 -2.542602699744938491e+03
    23     35        932 -2.483775107225973855e+01 -1.030441925915461070e+03 -2.263601451708170316e+03
    23     36        933 -2.672507849439531924e+01 -6.936951124653606939e+02 -1.423148614181023959e+03
    23     37        934 -2.765951337739660332e+01 -4.604420000307449072e+02 -8.831586181649423679e+02
    23     38        935 -2.847617017474572165e+01 -2.867128478964849023e+02 -8.237575413727411160e+02
    24      2        938 -1.177551690037226040e+00 4.915454741113282466e+01 0.000000000000000000e+00
    24      3        939 -1.340180736463567834e+00 6.248104824618145159e+01 -5.557469271990301962e+01
    24      4        940 -1.287742973979016270e+00 0.000000000000000000e+00 0.000000000000000000e+00
    24      6        942 -1.970025298659006108e+00 0.000000000000000000e+00 0.000000000000000000e+00
    24      7        943 -2.278901196798104767e+00 -1.916632668268917712e+02 -1.786967463582610094e+02
    24      8        944 -2.324338079418391434e+00 -1.584339783601072611e+02 -2.732562184809061137e+02
    24      9        945 -2.820702727060203863e+00 -1.135673368135220329e+02 -4.386470152743751783e+02
    24     10        946 -3.194069884395284831e+00 -3.044186688700485632e+01 -4.898022230021450127e+02
    24     11        947 -3.791863037422484872e+00 1.213448921525940563e+02 -6.340155062135352182e+02
    24     12        948 -4.451170540278055476e+00 2.021672978114981447e+02 -7.764591849421576626e+02
    24     13        949 -5.331395337643930255e+00 2.377072744928437373e+02 -5.493708174479257877e+02
    24     14        950 -5.540441083614015660e+00 2.696583872854428705e+02 -1.179709177607687209e+01
    24     15        951 -5.354786140650916515e+00 3.556873026830856475e+02 1.923468746323441110e+02
    24     16        952 -5.159063372993980323e+00 3.895355766130086863e+02 3.502440872740500595e+02
    24     17        953 -4.660336135065436203e+00 3.227771321248284266e+02 6.276923056797639902e+02
    24     18        954 -3.914500106907485399e+00 2.892180475302736227e+02 6.089799789696554626e+02
    24     19        955 -3.452874923975759458e+00 3.282351928668690562e+02 0.000000000000000000e+00
    24     22        958 -1.132455539040170489e+00 0.000000000000000000e+00 0.000000000000000000e+00
    24     23        959 0.000000000000000000e+00 0.000000000000000000e+00 0.000000000000000000e+00
    24     30        966 -1.559073262022204709e+01 0.000000000000000000e+00 0.000000000000000000e+00
    24     31        967 -1.720778147272143244e+01 -1.349468525184565351e+03 -1.663359896440024158e+03
    24     32        968 -1.888877627418845861e+01 -1.289104033835054452e+03 -2.067909542405029242e+03
    24     33        969 -2.130795002788618930e+01 -1.556144206588755424e+03 -2.342770985567711250e+03
    24     34        970 -2.353392913508456274e+01 -1.570819519734683354e+03 -2.280940027605635350e+03
    24     35        971 -2.583050693167047029e+01 -1.200030498707778634e+03 -1.931579614843402169e+03
    24     36        972 -2.736378814785706837e+01 -7.390815259404473636e+02 -1.121259495943540969e+03
    24     37        973 -2.805369553502724855e+01 -5.031369737342382109e+02 -6.674748426510599302e+02
    24     38        974 -2.868723064139017609e+01 -2.553315901896956177e+02 -6.390436267534565786e+02
    25      2        977 -1.491906943643071193e+00 -1.238930285561073390e+02 0.000000000000000000e+00
    25      3        978 -1.491446954549334070e+00 -9.273638903334689587e+01 4.216307216928199608e+01
    25      4        979 -1.408307685961531774e+00 0.000000000000000000e+00 0.000000000000000000e+00
    25      6        981 -2.032365853017927826e+00 6.372143821938661290e+01 0.000000000000000000e+00
    25      7        982 -2.230740568514647748e+00 1.331671252375244023e+02 -1.760463377055930891e+02
    25      8        983 -2.381423509221252122e+00 2.047791789575859980e+02 -2.512052652603621254e+02
    25      9        984 -2.728820348307366306e+00 3.325339624301648200e+02 -3.254716898014680169e+02
    25     10        985 -3.026755793228353308e+00 3.490152594050619541e+02 -4.243712443224392246e+02
    25     11        986 -3.570246724077822176e+00 3.380183455964747736e+02 -5.713813901203452588e+02
    25     12        987 -4.159668022093586437e+00 3.536226795149481745e+02 -6.655258376058834529e+02
    25     13        988 -4.889824808149964674e+00 3.609085009765817063e+02 -5.130734963215190874e+02
    25     14        989 -5.176969684940643468e+00 3.164808071102229405e+02 -4.771441066100715744e+01
    25     15        990 -4.984431038359120159e+00 3.164808071102240206e+02 2.035756426561356136e+02
    25     16        991 -4.773328020980152075e+00 3.623755575663598734e+02 3.599002014653901824e+02
    25     17        992 -4.270835274721589414e+00 3.748735542489268369e+02 5.836111997500048574e+02
    25     18        993 -3.616167013408253528e+00 2.834046360070700530e+02 6.068112264714188768e+02
    25     19        994 -3.067674179577440263e+00 2.255129507665348285e+02 4.222773697965467363e+02
    25     20        995 -2.778892288526520815e+00 0.000000000000000000e+00 0.000000000000000000e+00
    25     24        999 0.000000000000000000e+00 0.000000000000000000e+00 0.000000000000000000e+00
    25     30       1005 -1.656667914018892063e+01 -1.257714394851823499e+03 0.000000000000000000e+00
    25     31       1006 -1.812828585049946639e+01 -1.299738475797833871e+03 -1.583350663393019659e+03
    25     32       1007 -1.970608367830665486e+01 -1.306756380314305034e+03 -2.107206032421256623e+03
    25     33       1008 -2.230636991859594076e+01 -1.589434193486071990e+03 -2.554255955225676189e+03
    25     34       1009 -2.477056050125241171e+01 -1.582270236578790900e+03 -2.252907913463615841e+03
    25     35       1010 -2.677334586461442711e+01 -1.217412069113475809e+03 -1.586991270684728079e+03
    25     36       1011 -2.791718349029029866e+01 -5.048343312460746688e+02 -8.562330018072276516e+02
    25     37       1012 -2.847105050686937489e+01 -2.670772950005679149e+02 -4.896330920491205916e+02
    25     38       1013 -2.888800845454527888e+01 1.059305433854834604e+02 -4.205833526987632922e+02
    26      2       1016 -1.377385528544232018e+00 0.000000000000000000e+00 0.000000000000000000e+00
    26      3       1017 -1.489760327872298395e+00 0.000000000000000000e+00 0.000000000000000000e+00
    26      5       1019 -1.828572351314871502e+00 0.000000000000000000e+00 0.000000000000000000e+00
    26      6       1020 -1.867245507552355077e+00 -9.523339180736965659e+01 -1.187921363139547140e+02
    26      7       1021 -2.064108660774931714e+00 5.787464313849952191e+00 -6.394774582235172744e+01
    26      8       1022 -1.994038547198341726e+00 1.506940113235300487e+02 -1.110733762764474477e+02
    26      9       1023 -2.284340520721285461e+00 0.000000000000000000e+00 -3.213124685423165374e+02
    26     10       1024 -2.631124093197303448e+00 3.143117771574946460e+02 -4.853407345110025517e+02
    26     11       1025 -3.246654769664778950e+00 3.448839851076643868e+02 -6.302674180200644969e+02
    26     12       1026 -3.880793189315143721e+00 3.688898188620286192e+02 -7.578382823370756114e+02
    26     13       1027 -4.749266286958095051e+00 3.104673251554158924e+02 -5.795853431745547368e+02
    26     14       1028 -5.029971889054047907e+00 3.616039974003956559e+02 -4.793855725397466472e+01
    26     15       1029 -4.844316946090946985e+00 3.322023235085047190e+02 2.296817753412742320e+02
    26     16       1030 -4.574568026536227627e+00 3.530158186706620995e+02 3.977459779015785557e+02
    26     17       1031 -4.055682086541617437e+00 3.234754854434909248e+02 5.634502848384773870e+02
    26     18       1032 -3.457381276865115982e+00 2.473816274907854904e+02 4.874766862091796042e+02
    26     19       1033 -3.089132757770584270e+00 2.204090158467673533e+01 3.064771507775784585e+02
    26     20       1034 -2.849710607173612242e+00 -6.018251562142213373e+01 0.000000000000000000e+00
    26     30       1044 -1.761936892202118088e+01 -1.724061838179415190e+03 0.000000000000000000e+00
    26     31       1045 -1.930420071197105614e+01 -1.871083213048672178e+03 -1.703255039993761557e+03
    26     32       1046 -2.099651507527417849e+01 -1.969832702426128890e+03 -2.303573986555991269e+03
    26     33       1047 -2.387163532673064736e+01 -1.899605924725767636e+03 -2.566898633399677237e+03
    26     34       1048 -2.608605929620767228e+01 -1.553507620044463238e+03 -1.978303910469522634e+03
    26     35       1049 -2.779413740911519781e+01 -1.149936673353417518e+03 -1.055096745974153009e+03
    26     36       1050 -2.817806303804859880e+01 -4.685218296389269312e+02 -3.481720713663243600e+02
    26     37       1051 -2.848447910420815177e+01 -2.263434848026909663e+02 -1.706239888118007002e+02
    26     38       1052 -2.851636947715390491e+01 1.145308994141706336e+02 -3.216765634783919126e+01
    27      4       1057 -1.788582194791362490e+00 0.000000000000000000e+00 0.000000000000000000e+00
    27      5       1058 -2.149767366198312768e+00 -2.694982056030149806e+02 -2.004230363408963740e+02
    27      6       1059 -2.185972996702286508e+00 -3.486395051982676705e+02 -3.613058600774727580e+01
    27      7       1060 -2.221405650944728194e+00 -1.958573605401908821e+02 2.401303915652508536e+01
    27      8       1061 -2.138360900503428752e+00 -1.812993230970504612e+02 0.000000000000000000e+00
    27     10       1063 -2.519785145651552316e+00 -5.421154264065452111e+01 0.000000000000000000e+00
    27     11       1064 -3.013964491034772930e+00 8.794021625963991085e+01 -5.269827225674169995e+02
    27     12       1065 -3.564665467482781125e+00 1.419227074550409213e+02 -6.935234314326168032e+02
    27     13       1066 -4.389055087368519459e+00 2.085945767201703518e+02 -5.190004360727883750e+02
    27     14       1067 -4.593718830052760715e+00 1.680821748708982000e+02 -3.003321624647638899e+01
    27     15       1068 -4.448603750566354265e+00 1.193645781678079771e+02 1.965892488538293321e+02
    27     16       1069 -4.203929509047705793e+00 8.920191817565961401e+01 3.528010097403671921e+02
    27     17       1070 -3.749083981106098751e+00 6.621439848740234169e+00 4.976788872312105809e+02
    27     18       1071 -3.217151663039235387e+00 -1.167433864892207680e+02 3.615973371538959782e+02
    27     19       1072 -3.032123204521354420e+00 -1.309512902953285902e+02 1.720771479717001000e+02
    27     20       1073 -2.875963957915813385e+00 -8.791210320496334418e+01 3.014753176323050070e+02
    27     21       1074 -2.434369970075388245e+00 0.000000000000000000e+00 0.000000000000000000e+00
    27     23       1076 -8.644769474160745037e-01 0.000000000000000000e+00 0.000000000000000000e+00
    27     30       1083 -1.934751272672774647e+01 -2.051907232103242222e+03 0.000000000000000000e+00
    27     31       1084 -2.114625824965030176e+01 -2.149351512534011817e+03 -1.783282697505910846e+03
    27     32       1085 -2.288333452712398852e+01 -2.214308826006536037e+03 -2.130408960813504109e+03
    27     33       1086 -2.537034815863621162e+01 -1.825843684989751864e+03 -2.215579843930289826e+03
    27     34       1087 -2.727629786582719262e+01 -1.438950887638162612e+03 -1.643059798235830613e+03
    27     35       1088 -2.862814158762093086e+01 -8.762614408381415387e+02 -7.043666490712959103e+02
    27     36       1089 -2.867288796157676600e+01 -5.014041328877430033e+02 -1.048995781089916335e+02
    27     37       1090 -2.883613228682352414e+01 -2.899416645512008586e+02 -1.532577953692595862e+01
    27     38       1091 -2.870327530592240350e+01 8.609952799012429381e+00 1.340121582243149589e+02
    28      5       1097 -2.263260739548206057e+00 -3.879016237397433429e+02 0.000000000000000000e+00
    28      6       1098 -2.429585224249180442e+00 -4.045089383141102530e+02 -5.888607709766355214e+01
    28      7       1099 -2.380017704348534657e+00 -2.933758704801923614e+02 7.218174657644200920e+01
    28      8       1100 -2.286466136348752620e+00 -3.878279537011966909e+02 1.257353709457633428e+01
    28      9       1101 -2.355087396535156419e+00 0.000000000000000000e+00 -2.179278849570409875e+02
    28     10       1102 -2.718564853856101582e+00 -2.431521148498489140e+02 -3.781212798126944108e+02
    28     11       1103 -3.104811187510827519e+00 -1.910541973004951330e+02 -4.707142516956992608e+02
    28     12       1104 -3.651878296099793086e+00 -1.952178895565635912e+02 -6.596872188031628639e+02
    28     13       1105 -4.412812691113852104e+00 -1.429747490557620182e+01 -5.583048893347861394e+02
    28     14       1106 -4.758862960807562992e+00 -1.019543260129978819e+02 -1.205262302035061026e+02
    28     15       1107 -4.651787292767957105e+00 -2.219772214053380708e+02 1.655135094210516229e+02
    28     16       1108 -4.430689376389603140e+00 -2.288473379940187726e+02 3.060306110476180947e+02
    28     17       1109 -4.045002004241282201e+00 -2.457584841859387836e+02 3.959159279738020132e+02
    28     18       1110 -3.645683066839382480e+00 -4.224111387051030988e+02 3.755627054349702689e+02
    28     19       1111 -3.300351252484432063e+00 -3.336267310753661945e+02 3.299310989531448399e+02
    28     20       1112 -2.991508844244844756e+00 -1.910852645483437868e+02 0.000000000000000000e+00
    28     22       1114 -2.047978298592194157e+00 0.000000000000000000e+00 0.000000000000000000e+00
    28     27       1119 -1.135884726331073047e+01 0.000000000000000000e+00 0.000000000000000000e+00
    28     28       1120 -1.462266783650328428e+01 0.000000000000000000e+00 -3.086196758606795811e+03
    28     29       1121 -1.747803509295542312e+01 0.000000000000000000e+00 -3.180583668653277527e+03
    28     30       1122 -2.092900226644929162e+01 -1.989593182963964182e+03 -2.669497000252778435e+03
    28     31       1123 -2.277100726320486856e+01 -2.101627402485300081e+03 -1.835367042414306525e+03
    28     32       1124 -2.456809482837090997e+01 -2.162992656815291411e+03 -2.040403743774737450e+03
    28     33       1125 -2.681663841800662240e+01 -1.779764505943598806e+03 -1.936153039292342100e+03
    28     34       1126 -2.840702184471438230e+01 -1.335118048091561832e+03 -1.205828661165214044e+03
    28     35       1127 -2.920750738883980446e+01 -7.071213388170656344e+02 -2.924122417400523659e+02
    28     36       1128 -2.898680517379240484e+01 -4.040509113482412999e+02 1.287929499878322588e+02
    28     37       1129 -2.895214186494321496e+01 -1.652962127399590884e+02 2.442671492818508625e+02
    28     38       1130 -2.850248201361182510e+01 0.000000000000000000e+00 4.535695959295720172e+02
    29      5       1136 -2.775435100197637173e+00 0.000000000000000000e+00 0.000000000000000000e+00
    29      6       1137 -2.838427576235749594e+00 -4.855110231025137750e+02 4.076512814925736450e+01
    29      7       1138 -2.694607630157311196e+00 -5.081078497931918037e+02 3.758284611833721556e+01
    29      8       1139 -2.763909808070327490e+00 0.000000000000000000e+00 2.582269894466608373e-01
    29      9       1140 -2.694095627982886931e+00 -5.989520015160292132e+02 -7.467805859685202563e+01
    29     10       1141 -2.911978483871036971e+00 -6.041321651841066114e+02 -3.167456407753974190e+02
    29     11       1142 -3.322126250048861973e+00 -6.006885034287396365e+02 -4.879887303548503610e+02
    29     12       1143 -3.879543073349505988e+00 -5.434987349730121196e+02 -5.497336817409329797e+02
    29     13       1144 -4.412116266230936112e+00 -3.935765141081024012e+02 -4.431315000822143588e+02
    29     14       1145 -4.758166535924647889e+00 -3.012739733132716538e+02 -1.989785234496355883e+02
    29     15       1146 -4.806642945600315464e+00 -3.405436738412366822e+02 9.336310739139108250e+01
    29     16       1147 -4.573049890690040087e+00 -3.675871593276572753e+02 3.334552005612701464e+02
    29     17       1148 -4.145481274907813152e+00 -4.234223561946773771e+02 3.402167546655647357e+02
    29     18       1149 -3.898481680226832502e+00 -4.181255188651092567e+02 2.901174349759800748e+02
    29     19       1150 -3.570247997145519658e+00 -4.705830639102337614e+02 3.602583333406732891e+02
    29     20       1151 -3.184175826992282854e+00 -4.126869328003431292e+02 5.340328875696653768e+02
    29     21       1152 -2.511388889367337729e+00 0.000000000000000000e+00 4.461088537256430300e+02
    29     22       1153 -2.299648986374698278e+00 0.000000000000000000e+00 6.052087877619050005e+02
    29     23       1154 -1.311405045777763956e+00 0.000000000000000000e+00 0.000000000000000000e+00
    29     25       1156 -4.111738243160949935e+00 0.000000000000000000e+00 0.000000000000000000e+00
    29     26       1157 -1.101484337604952124e+01 0.000000000000000000e+00 -4.766779977769156176e+03
    29     27       1158 -1.356311944405584136e+01 -2.064469198464064903e+03 -2.768980675921022339e+03
    29     28       1159 -1.650506781017350022e+01 -2.242885475321675585e+03 -2.768702753052723892e+03
    29     29       1160 -1.905279282380244510e+01 -1.954193613298304172e+03 -3.052093134780510354e+03
    29     30       1161 -2.255663633483298725e+01 -1.958369764427854534e+03 -2.765485909715958314e+03
    29     31       1162 -2.453608797489550852e+01 -2.112314729856127542e+03 -1.924341360531157989e+03
    29     32       1163 -2.637214362567725345e+01 -2.149053512902878083e+03 -1.868576852242441419e+03
    29     33       1164 -2.824102762305957270e+01 -1.596625867895911369e+03 -1.542112486357768148e+03
    29     34       1165 -2.942978275129265597e+01 -8.881019589940646028e+02 -7.704757718980984009e+02
    29     35       1166 -2.976869625056577817e+01 -3.897705445811961340e+02 5.304675351125429472e+01
    29     36       1167 -2.932460376437843053e+01 -1.082947527392031049e+02 3.358695094803568395e+02
    29     37       1168 -2.910274758445132903e+01 1.805280161174452189e+02 0.000000000000000000e+00
    30      6       1176 -3.212692494406039323e+00 -4.990828178385539218e+02 0.000000000000000000e+00
    30      7       1177 -3.199572631555207103e+00 -6.714413814407157588e+02 0.000000000000000000e+00
    30      9       1179 -3.321169822151202045e+00 -1.030623399930259211e+03 0.000000000000000000e+00
    30     10       1180 -3.693002648631741547e+00 -1.147397103294946874e+03 -3.795339060030007090e+02
    30     11       1181 -4.073694511989673472e+00 -1.148009778928160358e+03 -4.213895887642254365e+02
    30     12       1182 -4.528517116694715128e+00 -1.040259218686347367e+03 -4.912037761422165545e+02
    30     13       1183 -5.047633766012435075e+00 -9.135026511133410168e+02 -3.612575726824433104e+02
    30     14       1184 -5.244804221838109903e+00 -7.777772061140391315e+02 -7.738456790013854913e+01
    30     15       1185 -5.201068800501489342e+00 -7.029312959573248918e+02 1.115684243964343523e+02
    30     16       1186 -5.023590800226102715e+00 -7.110185100850187609e+02 2.386096675671659000e+02
    30     17       1187 -4.727963069397131513e+00 -7.680029711781119204e+02 3.548034997206775643e+02
    30     18       1188 -4.320100573508924846e+00 -6.243376728749224185e+02 3.371979617023299056e+02
    30     19       1189 -4.059380401206731825e+00 -5.418839021548265009e+02 3.343553319799498240e+02
    30     20       1190 -3.657154158144228617e+00 -5.361993007851878019e+02 5.031255954243426345e+02
    30     21       1191 -3.061803039453165010e+00 -6.009310709679292586e+02 0.000000000000000000e+00
    30     23       1193 -1.897516093824248573e+00 0.000000000000000000e+00 0.000000000000000000e+00
    30     27       1197 -1.468874248999593846e+01 -2.596863419595908908e+03 0.000000000000000000e+00
    30     28       1198 -1.824034042945441314e+01 -2.930074514484664178e+03 -2.996488720500831732e+03
    30     29       1199 -2.063006079999045639e+01 -2.762855879564336647e+03 -2.949133105990264085e+03
    30     30       1200 -2.408776391593507782e+01 -2.303725269389232380e+03 -2.798126879007944353e+03
    30     31       1201 -2.617807516300100446e+01 -2.166050034281366152e+03 -1.990486282531443976e+03
    30     32       1202 -2.803442071970918903e+01 -1.849220407433599576e+03 -1.620896234383511455e+03
    30     33       1203 -2.939192356164751274e+01 -1.123655845152637539e+03 -9.103821047940676863e+02
    30     34       1204 -2.983949004344764333e+01 -4.264105498685686939e+02 -2.240644459079195769e+02
    30     35       1205 -2.983618960743092430e+01 -2.448283495198265669e+01 3.419527853769080252e+02
    30     36       1206 -2.916147970053739868e+01 -8.054729487951594535e+01 5.927248795988017491e+02
    30     37       1207 -2.866095835898455491e+01 0.000000000000000000e+00 0.000000000000000000e+00
    31      6       1215 -3.643425536039474721e+00 0.000000000000000000e+00 0.000000000000000000e+00
    31      7       1216 -3.777612139365676303e+00 -3.817390305415310650e+02 -2.366035361127365775e+02
    31      8       1217 -4.112553589717279579e+00 0.000000000000000000e+00 -2.919325979624526326e+02
    31      9       1218 -4.356444449893676740e+00 -1.059186024568906760e+03 -3.278885841848685914e+02
    31     10       1219 -4.762677995501839234e+00 -1.198589747688322632e+03 -4.122382354819766874e+02
    31     11       1220 -5.173813979701062493e+00 -1.267894807068249293e+03 -4.008331789187490699e+02
    31     12       1221 -5.557434034084635321e+00 -1.375735368786110485e+03 -3.589645797088742256e+02
    31     13       1222 -5.885554629840188845e+00 -1.223410138016092105e+03 -2.296051211419215292e+02
    31     14       1223 -6.012685909713589183e+00 -1.193790708901337666e+03 -2.768092277070048368e+01
    31     15       1224 -5.940439259363379243e+00 -1.163978764607510357e+03 1.476706101652260941e+02
    31     16       1225 -5.719890514216128707e+00 -1.272565483847186670e+03 2.805200716154503766e+02
    31     17       1226 -5.384235250849279453e+00 -1.245024491491830986e+03 4.107307114567415169e+02
    31     18       1227 -4.905510042913321378e+00 -1.401123518988962815e+03 4.740629386877496927e+02
    31     19       1228 -4.444282165611375568e+00 -1.189354220613172401e+03 4.319579795510159670e+02
    31     20       1229 -4.049040991154053692e+00 -1.274718222264997848e+03 4.859986317371261748e+02
    31     21       1230 -3.480663464290364217e+00 -1.257333714664187482e+03 0.000000000000000000e+00
    31     27       1236 -1.775174241392107177e+01 -4.269616651775987521e+03 0.000000000000000000e+00
    31     28       1237 -2.123114517033630122e+01 -3.719122907866867536e+03 -2.903735887556315447e+03
    31     29       1238 -2.350915410651139936e+01 -3.023602134710950395e+03 -2.542564558149491404e+03
    31     30       1239 -2.627244075751002939e+01 -2.477547081117168091e+03 -2.279990580627196323e+03
    31     31       1240 -2.802982848469871158e+01 -2.005080165078727305e+03 -1.554606396854707555e+03
    31     32       1241 -2.935485231049718990e+01 -1.252365887117788361e+03 -1.020600053939950499e+03
    31     33       1242 -3.005343356159061941e+01 -6.175563782608018073e+02 -3.846715103871867427e+02
    31     34       1243 -3.011756363737802289e+01 -1.569119909623168496e+02 1.236900050135361369e+02
    31     35       1244 -2.980818595344096877e+01 1.818957675597002606e+02 3.344029033006469263e+02
    31     36       1245 -2.945452289949619029e+01 1.622429716792872796e+02 0.000000000000000000e+00
    32      7       1255 -3.815300382100190291e+00 0.000000000000000000e+00 0.000000000000000000e+00
    32      8       1256 -4.394458245520372230e+00 -3.263877622999179380e+02 -6.124232949406829221e+02
    32      9       1257 -5.029588862749000633e+00 -6.753478492657286552e+02 -6.212629163526802358e+02
    32     10       1258 -5.626273574906908159e+00 -8.635208556819918613e+02 -5.493163232566214447e+02
    32     11       1259 -6.118751357176126504e+00 -1.139355628877155368e+03 -5.654957034935907814e+02
    32     12       1260 -6.747515899098987191e+00 -1.348235981365821772e+03 -4.550159619450524247e+02
    32     13       1261 -7.020938856681235407e+00 -1.555405091313287812e+03 -2.132474899648081816e+02
    32     14       1262 -7.170334516109007517e+00 -1.634987325717690283e+03 -2.903776563730910709e+01
    32     15       1263 -7.078513780118103504e+00 -1.740611217863890715e+03 4.748596677892440709e+01
    32     16       1264 -7.076181235316994389e+00 -1.828396246384860660e+03 1.726798142389281452e+02
    32     17       1265 -6.736131132359389539e+00 -1.923120921789296517e+03 2.502228792869618132e+02
    32     18       1266 -6.580049291246570675e+00 -2.107419021091201557e+03 3.824851462939619182e+02
    32     19       1267 -5.977754840992129282e+00 -2.208264067701525619e+03 4.371847221687579008e+02
    32     20       1268 -5.713216862711024469e+00 -2.459492882540084338e+03 4.478249861953283926e+02
    32     21       1269 -5.089825321367358768e+00 -2.958452823877978062e+03 4.986049588205199257e+02
    32     22       1270 -4.724602838894746526e+00 0.000000000000000000e+00 0.000000000000000000e+00
    32     24       1272 -8.610889112451465266e+00 0.000000000000000000e+00 0.000000000000000000e+00
    32     25       1273 -1.230298408013330835e+01 0.000000000000000000e+00 0.000000000000000000e+00
    32     27       1275 -2.157544059094220756e+01 -4.043274989857008677e+03 0.000000000000000000e+00
    32     28       1276 -2.423911707750284350e+01 -3.547627757138815923e+03 -1.982868909647537293e+03
    32     29       1277 -2.550699397160660453e+01 -2.845011011324831998e+03 -1.939124123402812756e+03
    32     30       1278 -2.808393504090889081e+01 -2.003885484803245390e+03 -1.969569882224052208e+03
    32     31       1279 -2.941217857117208112e+01 -1.337669449910755702e+03 -9.938141626528889674e+02
    32     32       1280 -3.005443012100203148e+01 -6.498607795736171511e+02 -4.921601088513380091e+02
    32     33       1281 -3.038801400354394744e+01 -1.393961987373549505e+02 -1.924178835933052056e+01
    32     34       1282 -3.009258197143757130e+01 3.171704061649365940e+02 4.262815346040722488e+02
    32     35       1283 -2.954279998040141209e+01 4.709181638134122068e+02 6.015820179701808001e+02
    32     36       1284 -2.889978914232513674e+01 0.000000000000000000e+00 0.000000000000000000e+00
    33      8       1295 -4.639002253877323234e+00 0.000000000000000000e+00 0.000000000000000000e+00
    33      9       1296 -5.445749914608371434e+00 -5.395177088357478397e+02 -7.648407521254324593e+02
    33     10       1297 -6.155497988949972132e+00 -5.876824660825221827e+02 -7.897037235342656913e+02
    33     11       1298 -7.011542957647352914e+00 -9.081795740399655870e+02 -7.951438769759929528e+02
    33     12       1299 -7.732077551234422863e+00 -1.084279603686203927e+03 -6.974164770539156279e+02
    33     13       1300 -8.394352529551813547e+00 -1.499490579708342239e+03 -4.628743483002899666e+02
    33     14       1301 -8.649846345746569298e+00 -1.745381401674595054e+03 -1.783441745964373126e+02
    33     15       1302 -8.747966245085363468e+00 -2.164617604940595811e+03 -9.665529100448621236e+00
    33     16       1303 -8.669010771304854757e+00 -2.347489647410020098e+03 1.320503314654611131e+02
    33     17       1304 -8.486142115126529717e+00 -2.599299182072810709e+03 1.837485950783650424e+02
    33     18       1305 -8.304681386413196975e+00 -2.623869812510687552e+03 2.421019641828426359e+02
    33     19       1306 -8.006111997594585361e+00 -2.934545155022107338e+03 1.455495661973712913e+02
    33     20       1307 -8.016091512290238086e+00 -3.180711460987620285e+03 -1.242720952291741838e+02
    33     21       1308 -8.252513751005180254e+00 -3.881910816471964608e+03 -1.638574090666589314e+02
    33     22       1309 -8.340981446984631731e+00 -4.222299155716737005e+03 -8.845577913681236168e+02
    33     23       1310 -1.000637965617212899e+01 0.000000000000000000e+00 -2.412244877775245186e+03
    33     24       1311 -1.312388437015035692e+01 -4.518940881447588254e+03 -3.516045435770555287e+03
    33     25       1312 -1.697785429693924542e+01 -4.296801738029394983e+03 -3.553620723009696576e+03
    33     26       1313 -2.016986179163873771e+01 0.000000000000000000e+00 -3.679470519588313891e+03
    33     27       1314 -2.427336167514198095e+01 -2.659130852555764704e+03 -3.421213732985304432e+03
    33     28       1315 -2.695330791480416011e+01 -2.636278508354645965e+03 -1.928960641652254481e+03
    33     29       1316 -2.809802789233761899e+01 -2.445890611743195677e+03 -1.286746324364546581e+03
    33     30       1317 -2.950461720055626813e+01 -1.168955362235336452e+03 -1.053783945434280213e+03
    33     31       1318 -3.018742866563354355e+01 -4.778258850648218186e+02 -4.531214247226326961e+02
    33     32       1319 -3.040304828722674202e+01 1.397164222456484950e+01 -4.581726483898882663e+01
    33     33       1320 -3.027827331078083262e+01 5.087869914438843466e+02 4.019982708657607873e+02
    33     34       1321 -2.960598215080501561e+01 8.966238294153898778e+02 6.201743719749425736e+02
    33     35       1322 -2.904861630376622728e+01 0.000000000000000000e+00 0.000000000000000000e+00
    34      9       1335 -5.899806468659950731e+00 0.000000000000000000e+00 0.000000000000000000e+00
    34     10       1336 -6.574178750760683698e+00 -3.897957620736513036e+02 -8.492189046144413851e+02
    34     11       1337 -7.583603838781860951e+00 -5.565257447506099879e+02 -9.694722942910940446e+02
    34     12       1338 -8.496409745223214571e+00 -6.746356817263629182e+02 -9.360412963310776604e+02
    34     13       1339 -9.439549183996883031e+00 -9.998863761287217358e+02 -7.510469058256981043e+02
    34     14       1340 -9.985555592066628350e+00 -1.345557908403357942e+03 -5.701116618687615301e+02
    34     15       1341 -1.056994384633225081e+01 -1.916451757854495327e+03 -4.423228097617543426e+02
    34     16       1342 -1.086257561573169106e+01 -2.414634553583437992e+03 -1.809291140358373866e+02
    34     17       1343 -1.092868287667725369e+01 -3.019512134367410454e+03 2.539049825434311103e+01
    34     18       1344 -1.081223234857826121e+01 -3.442626672595319633e+03 1.097660446813939785e+02
    34     19       1345 -1.071104314167026139e+01 -3.842860928983270242e+03 -1.580014973620118823e+01
    34     20       1346 -1.084356025523317335e+01 -4.153626739866876960e+03 -3.228470962051274000e+02
    34     21       1347 -1.135117148618526706e+01 -4.311890847926189963e+03 -3.487157647014663553e+02
    34     22       1348 -1.153497996378401247e+01 -4.630084067555898400e+03 -9.266214302710887978e+02
    34     23       1349 -1.318843949671953197e+01 -4.768750657183166368e+03 -2.201353508982902440e+03
    34     24       1350 -1.589973589301867740e+01 -4.296419096788333263e+03 -3.048826209780050249e+03
    34     25       1351 -1.923353049280038007e+01 -3.481730601350137476e+03 -3.103402593891259130e+03
    34     26       1352 -2.205303876655288775e+01 -3.105685019603986802e+03 -3.344311586465255459e+03
    34     27       1353 -2.586449810734619348e+01 -2.183361932917224294e+03 -3.247128078853315401e+03
    34     28       1354 -2.849131479869627981e+01 -1.156138598434476989e+03 -1.809400198329572959e+03
    34     29       1355 -2.945210464659137273e+01 -9.668119549179781416e+02 -7.454720515686578892e+02
    34     30       1356 -2.996940704689061619e+01 -1.255141930746310805e+02 -3.685697584842026231e+02
    34     31       1357 -3.018289006207141156e+01 3.586741528926859246e+02 -3.151538515693301079e+01
    34     32       1358 -3.003189449548282042e+01 7.239710431333389806e+02 3.104391735613408514e+02
    34     33       1359 -2.956736365164284663e+01 7.732378167485589984e+02 6.987865578408383271e+02
    34     34       1360 -2.864636838204432223e+01 0.000000000000000000e+00 0.000000000000000000e+00
    35     10       1375 -6.784220882213214843e+00 0.000000000000000000e+00 0.000000000000000000e+00
    35     11       1376 -7.909193754448399893e+00 0.000000000000000000e+00 -1.026858180082125273e+03
    35     12       1377 -8.820234321993451587e+00 -3.669319983750556275e+02 -1.058085725415346815e+03
    35     13       1378 -1.000712392549984386e+01 -7.112709578896070752e+02 -1.008662580449843745e+03
    35     14       1379 -1.082017025261539089e+01 -9.585063528640649793e+02 -9.239605507586609292e+02
    35     15       1380 -1.183911605027498126e+01 -1.281148198782023883e+03 -8.793482270417163136e+02
    35     16       1381 -1.256370684143690575e+01 -1.736753124462235519e+03 -7.652777773870822102e+02
    35     17       1382 -1.335647830160420924e+01 -2.457515866549883413e+03 -6.525122694305775894e+02
    35     18       1383 -1.385748214162091685e+01 -3.113583599806287566e+03 -4.276836908275113274e+02
    35     19       1384 -1.420447246417687026e+01 -3.717317501201720916e+03 -4.328415711723862387e+02
    35     20       1385 -1.471570314360201870e+01 -4.393352309484195757e+03 -5.058230412352418170e+02
    35     21       1386 -1.520739821388760404e+01 -4.704394444168585323e+03 -5.514504746028312638e+02
    35     22       1387 -1.580909714819061662e+01 -5.214453531839683819e+03 -1.256208480106734442e+03
    35     23       1388 -1.769815828014978365e+01 -5.133216412697322994e+03 -2.140811904944050184e+03
    35     24       1389 -2.005381359984221490e+01 -4.531372182229189093e+03 -2.469068046910984322e+03
    35     25       1390 -2.259372791649494516e+01 -3.500655482180723993e+03 -2.584970973298015906e+03
    35     26       1391 -2.517919093545017262e+01 -2.774103493802855610e+03 -2.623261152770704030e+03
    35     27       1392 -2.779502549262896594e+01 -1.462777849937336669e+03 -1.835278057588666115e+03
    35     28       1393 -2.881810706180896986e+01 -2.694282253495501891e+02 -9.393099259464991064e+02
    35     29       1394 -2.965745174626517766e+01 -7.013799072918794764e+01 -4.483441223722974769e+02
    35     30       1395 -2.970706590393794500e+01 2.611463319102392120e+02 2.448517542026192828e+01
    35     31       1396 -2.960890351711532276e+01 6.652961539656080276e+02 2.379259528600836120e+02
    35     32       1397 -2.923531581508253296e+01 9.942608518396914405e+02 2.914259508612865943e+02
    35     33       1398 -2.903107576625019348e+01 0.000000000000000000e+00 0.000000000000000000e+00
    36     12       1416 -9.088254424144167842e+00 0.000000000000000000e+00 0.000000000000000000e+00
    36     13       1417 -1.058679699438732946e+01 0.000000000000000000e+00 -1.232286471729978075e+03
    36     14       1418 -1.153158288640654661e+01 -8.090851478318783165e+02 -1.033700852212695736e+03
    36     15       1419 -1.263637781152510620e+01 -1.080492014688118616e+03 -1.075418439564396294e+03
    36     16       1420 -1.366387967169922035e+01 -1.264808739124913473e+03 -1.137891939561690151e+03
    36     17       1421 -1.489254456064708698e+01 -1.761948507356074970e+03 -1.094646729949512064e+03
    36     18       1422 -1.583430154418257274e+01 -1.930885980332654754e+03 -9.150694424976160235e+02
    36     19       1423 -1.670690775061393296e+01 -2.412469477873527012e+03 -1.056878644146694114e+03
    36     20       1424 -1.792983836264302155e+01 -3.130088860682091763e+03 -1.125823891840244187e+03
    36     21       1425 -1.893914645608843728e+01 -3.831372490713757543e+03 -1.016673043125323034e+03
    36     22       1426 -1.994565711913369910e+01 -4.359410691427406164e+03 -1.275463628076035320e+03
    36     23       1427 -2.146808486168791319e+01 -4.270961867677528971e+03 -1.645673957174387851e+03
    36     24       1428 -2.320863379818728234e+01 -3.648924116944931484e+03 -1.720754924146433950e+03
    36     25       1429 -2.487992908719718699e+01 -2.734013686921493445e+03 -1.673882848185001421e+03
    36     26       1430 -2.652754194113036945e+01 -1.782201824020406775e+03 -1.686519392356425897e+03
    36     27       1431 -2.822389246587237821e+01 -6.710925860544618899e+02 -1.209600877453904559e+03
    36     28       1432 -2.892589031195325333e+01 -1.512980400233611249e+02 -6.765022012802804738e+02
    36     29       1433 -2.956523404600899241e+01 1.770008925359186946e+02 -3.138551843430516328e+02
    36     30       1434 -2.954818985230073380e+01 4.533824997704614930e+02 2.296982459660887912e+02
    36     31       1435 -2.910979752619327598e+01 0.000000000000000000e+00 5.648656287457389453e+02
    36     32       1436 -2.842819681518604824e+01 0.000000000000000000e+00 0.000000000000000000e+00
    37     14       1457 -1.212518791708415122e+01 0.000000000000000000e+00 0.000000000000000000e+00
    37     15       1458 -1.358190068705147269e+01 0.000000000000000000e+00 -1.250074614320011051e+03
    37     16       1459 -1.460378599893424933e+01 0.000000000000000000e+00 -1.319635525023813216e+03
    37     17       1460 -1.619842136797456789e+01 -1.435354505837211946e+03 -1.194359156445165127e+03
    37     18       1461 -1.697191369330822752e+01 -1.575279173980799897e+03 -9.568757139230046960e+02
    37     19       1462 -1.809567636534015733e+01 -1.725341781516350920e+03 -1.408380603909896308e+03
    37     20       1463 -1.976439457675117950e+01 -2.087891013587480757e+03 -1.660085839779517528e+03
    37     21       1464 -2.138722835035686032e+01 -2.452321732749316652e+03 -1.551490959277899492e+03
    37     22       1465 -2.284062896438073409e+01 -2.729414639370986606e+03 -1.613809852344902311e+03
    37     23       1466 -2.458702615336135722e+01 -2.638910070712100151e+03 -1.562838488601308654e+03
    37     24       1467 -2.593936278051843303e+01 -2.272445663628570401e+03 -1.218776735748088868e+03
    37     25       1468 -2.700356805000003035e+01 -1.700437885699961271e+03 -1.066411862183725361e+03
    37     26       1469 -2.805380168343829439e+01 -1.164100217635951367e+03 -9.450963581971531084e+02
    37     27       1470 -2.887746741069155831e+01 -3.795704032217512918e+02 -5.085548433608811365e+02
    37     28       1471 -2.906214394143664492e+01 0.000000000000000000e+00 -2.493947286664789829e+02
    37     29       1472 -2.937195733074525705e+01 0.000000000000000000e+00 4.355718854998175971e+01
    37     30       1473 -2.897578048540446716e+01 0.000000000000000000e+00 0.000000000000000000e+00
    38     17       1499 -1.720770630834687154e+01 -1.251473412841549361e+03 0.000000000000000000e+00
    38     18       1500 -1.837515543826724596e+01 -1.739964271098505606e+03 -1.150971066032559520e+03
    38     19       1501 -1.948980582773041448e+01 -1.728665401067909670e+03 -1.473883027953694636e+03
    38     20       1502 -2.129751191532010779e+01 -1.901004871109697660e+03 -1.717214498105896382e+03
    38     21       1503 -2.289463023770829153e+01 -1.869118728544199712e+03 -1.538545820142619505e+03
    38     22       1504 -2.434807919743257187e+01 -1.869178675300822988e+03 -1.427251294465957017e+03
    38     23       1505 -2.572452717366494213e+01 -1.410456281518432206e+03 -1.273934462638728064e+03
    38     24       1506 -2.687398563479885283e+01 -1.158895378677270401e+03 -9.573175920487769872e+02
    38     25       1507 -2.762265830935251998e+01 -7.676474390304706503e+02 -7.722553904460725107e+02
    38     26       1508 -2.840518281897591990e+01 -4.356987123350904767e+02 -6.120074750270173354e+02
    38     27       1509 -2.883612231886288768e+01 5.126627883299940436e+01 0.000000000000000000e+00
