     0     26         26 -1.379286974395978049e+01 7.942312388024793108e+02 0.000000000000000000e+00
     0     27         27 -1.503075827659548658e+01 1.311983884450862661e+03 -9.782651115604876395e+02
     0     28         28 -1.561093596142401019e+01 1.549111558102510116e+03 -9.268844706795277943e+02
     0     29         29 -1.675333564720886059e+01 1.992065877574817478e+03 -1.003759542770488451e+03
     0     30         30 -1.747638255008683217e+01 2.465103355236034986e+03 -6.810558316355884472e+02
     0     31         31 -1.801905041621308001e+01 2.675603265465878849e+03 -5.344774549886271870e+02
     0     32         32 -1.846968732343302833e+01 3.014896944736568457e+03 -5.404633383513948957e+02
     0     33         33 -1.902347971214004119e+01 2.943997220058420226e+03 -5.215885608159894673e+02
     0     34         34 -1.943903860728151045e+01 3.044664293538287438e+03 -4.465473740962036686e+02
     0     35         35 -1.985336997986781071e+01 2.876179012156303543e+03 -3.698355051829693707e+02
     0     36         36 -2.012636296347715614e+01 2.583289042559539666e+03 -6.312012158361775249e+01
     0     37         37 -1.997067617768401959e+01 1.773060163690412992e+03 -8.304363851950441244e+01
     0     38         38 -2.028069621321023419e+01 1.456764507748832330e+03 -1.788717546962037090e+02
     0     39         39 -2.030310211276921351e+01 6.455104843665972112e+02 0.000000000000000000e+00
     1     24         80 -1.157091577642839653e+01 0.000000000000000000e+00 0.000000000000000000e+00
     1     25         81 -1.257398265400344073e+01 0.000000000000000000e+00 -8.857545216197120226e+02
     1     26         82 -1.321705479712209019e+01 1.074232058709069861e+03 -8.101288530283752607e+02
     1     27         83 -1.407957442261356285e+01 1.403230726796551608e+03 -6.837816290331635400e+02
     1     28         84 -1.448783535054979588e+01 1.610606658301048583e+03 -6.615802779235547177e+02
     1     29         85 -1.530909466126825613e+01 2.019491475055677256e+03 -6.464254760452287201e+02
     1     30         86 -1.568919100171000380e+01 2.316820285553806571e+03 -4.144036680046191918e+02
     1     31         87 -1.607924714885993467e+01 2.438314397294082482e+03 -3.199995744983223744e+02
     1     32         88 -1.628389729259499319e+01 2.763781323875583439e+03 -4.357611962807413875e+02
     1     33         89 -1.688909174055355322e+01 2.795382530348200817e+03 -5.099761338966280846e+02
     1     34         90 -1.723166734980524240e+01 2.917582371480049915e+03 -4.730036765472942193e+02
     1     35         91 -1.776814997835092669e+01 2.936425082746174667e+03 -5.498208448274365310e+02
     1     36         92 -1.825348719375722339e+01 2.955808042823283358e+03 -4.934536086706663696e+02
     1     37         93 -1.868521358943983302e+01 2.361471051365389940e+03 -5.225078286458838193e+02
     1     38         94 -1.922454689975690201e+01 2.083545358596790265e+03 -6.187358600390692800e+02
     1     39         95 -1.983510920707696812e+01 1.403648472748618588e+03 -7.334370218737011555e+02
     1     40         96 -2.058760999620026411e+01 0.000000000000000000e+00 -7.408817411388299661e+02
     1     41         97 -2.121200801373271361e+01 0.000000000000000000e+00 0.000000000000000000e+00
     2     22        134 -8.533675133590092443e+00 0.000000000000000000e+00 0.000000000000000000e+00
     2     23        135 -1.011497150012258572e+01 0.000000000000000000e+00 -1.253511949002796655e+03
     2     24        136 -1.086327648677993984e+01 1.212725311784570295e+03 -8.693504394893986955e+02
     2     25        137 -1.173062419640667464e+01 1.325379438279416718e+03 -7.382264629235039592e+02
     2     26        138 -1.223524056606556343e+01 1.394629182194987607e+03 -6.809182459225544335e+02
     2     27        139 -1.299608326791752866e+01 1.576899273692111137e+03 -5.597790125361851779e+02
     2     28        140 -1.327556726269497389e+01 1.880456980028605358e+03 -4.460702100546925521e+02
     2     29        141 -1.382508674553716865e+01 2.416139252549033245e+03 -4.527629329913751803e+02
     2     30        142 -1.411700889570852446e+01 2.753535468103594212e+03 -3.542850057187040989e+02
     2     31        143 -1.448351112624909476e+01 2.977497362002263799e+03 -1.857529227579451288e+02
     2     32        144 -1.446222320384505799e+01 3.335383741579740217e+03 -2.618743630319468139e+02
     2     33        145 -1.497019405812722681e+01 3.478155622312899141e+03 -4.015910805348466965e+02
     2     34        146 -1.520856401486581078e+01 3.529440698372055522e+03 -3.365042296326910218e+02
     2     35        147 -1.559557358428974538e+01 3.565298554545297065e+03 -3.400113634447444042e+02
     2     36        148 -1.584046140763572552e+01 3.631688353267931689e+03 -5.117063706227665421e+02
     2     37        149 -1.654655921660620521e+01 2.973932403178456298e+03 -7.635937770310803216e+02
     2     38        150 -1.725956961611677798e+01 2.562066289631964537e+03 -9.261767814212712437e+02
     2     39        151 -1.826782137530238614e+01 2.036761008530233539e+03 -1.147767189682914704e+03
     2     40        152 -1.939264860300584559e+01 1.621459811371901424e+03 -1.296655900037075298e+03
     2     41        153 -2.067760401977658802e+01 9.962040057687471517e+02 -1.029112735871068935e+03
     2     42        154 -2.130521307754265692e+01 0.000000000000000000e+00 -3.958437805838079839e+02
     2     43        155 -2.141326370585570871e+01 0.000000000000000000e+00 2.434221132047654237e+02
     2     44        156 -2.085282290705463026e+01 0.000000000000000000e+00 0.000000000000000000e+00
     3     20        188 -5.871548125453644573e+00 0.000000000000000000e+00 0.000000000000000000e+00
     3     21        189 -7.229579393476170068e+00 0.000000000000000000e+00 -1.076566363770110456e+03
     3     22        190 -7.872303251747161390e+00 7.825479874215573091e+02 -1.016347738323542444e+03
     3     23        191 -9.118420635391354168e+00 1.455671616063856391e+03 -1.043966218245915570e+03
     3     24        192 -9.812472323645451411e+00 1.686099811095468112e+03 -8.252914530920282914e+02
     3     25        193 -1.065219148410858097e+01 1.911504114104321161e+03 -7.438308712764896882e+02
     3     26        194 -1.119485196960623163e+01 1.987719274559595760e+03 -6.138899654502483827e+02
     3     27        195 -1.179308120228020762e+01 2.543998229451571660e+03 -3.047327701430928073e+02
     3     28        196 -1.176118552091492830e+01 2.866419263506150855e+03 -6.794862722615101269e+00
     3     29        197 -1.180570918034291061e+01 3.345517110543533363e+03 3.476116272267110219e+01
     3     30        198 -1.169658330329617435e+01 3.687146648193840520e+03 2.357487452786549298e+01
     3     31        199 -1.176189622774593957e+01 4.142399446422171422e+03 1.339656475242816214e+02
     3     32        200 -1.144761355553924709e+01 4.428508554851062399e+03 -4.514142707266795185e+01
     3     33        201 -1.184578974760992409e+01 4.514534465512319002e+03 -3.585704951912895240e+02
     3     34        202 -1.211400234543160259e+01 4.559827949029032425e+03 -4.050136826228677478e+02
     3     35        203 -1.259849132644148817e+01 4.673955533954861494e+03 -4.700459593941811818e+02
     3     36        204 -1.298756378530237754e+01 4.607465207224661754e+03 -9.548447967858039647e+02
     3     37        205 -1.437303183437048837e+01 4.212011834167844427e+03 -1.357040196848716960e+03
     3     38        206 -1.550956820769878064e+01 3.688208140469291266e+03 -1.349928577520176987e+03
     3     39        207 -1.688181959933947951e+01 2.998409345666607805e+03 -1.467309834090157437e+03
     3     40        208 -1.823650429934474460e+01 2.310938225172675629e+03 -1.552737189232996116e+03
     3     41        209 -1.976751898183281497e+01 1.655309702919572601e+03 -1.123919268937176639e+03
     3     42        210 -2.032526288826374739e+01 1.117794959445360973e+03 -6.157770872787971257e+02
     3     43        211 -2.091191583974006107e+01 7.940400472328406067e+02 -3.415134976178515558e+02
     3     44        212 -2.095995193675351942e+01 2.006934616156991353e+02 1.676425771116686292e+02
     3     45        213 -2.060035887787602604e+01 0.000000000000000000e+00 9.940893755826340339e+02
     3     46        214 -1.911247696342656965e+01 0.000000000000000000e+00 0.000000000000000000e+00
     4     20        244 -5.162211699083982808e+00 0.000000000000000000e+00 0.000000000000000000e+00
     4     21        245 -6.304954177174979968e+00 1.428479929601853883e+03 -1.203563499318249114e+03
     4     22        246 -7.398985874944228769e+00 1.394624936980810389e+03 -9.143612021160205359e+02
     4     23        247 -8.004257558724974686e+00 2.069717915970243212e+03 -5.485496367620063438e+02
     4     24        248 -8.418443230025028257e+00 2.373840693030788316e+03 -5.137042846219452485e+02
     4     25        249 -8.958956233553511339e+00 2.909401701674822561e+03 -5.028992256700538519e+02
     4     26        250 -9.353061138989588130e+00 3.080359319351139675e+03 -1.874385114443587952e+02
     4     27        251 -9.307303140216859560e+00 3.605639332884119540e+03 1.257935907650708032e+02
     4     28        252 -9.119278828815323479e+00 3.593776925340691832e+03 1.792847379567474206e+02
     4     29        253 -8.974109692413998474e+00 3.799863861192414788e+03 1.875787271872433735e+02
     4     30        254 -8.770671336854306332e+00 3.779020623776854336e+03 2.674524523505399998e+02
     4     31        255 -8.477060106723634192e+00 4.093376137590689723e+03 3.926668094929995050e+02
     4     32        256 -8.040915923293752599e+00 4.213328507103678930e+03 2.846998319145129486e+01
     4     33        257 -8.424149792289966854e+00 4.412475642273798258e+03 -2.991340644166748461e+02
     4     34        258 -8.596844506028554989e+00 4.574118725014388474e+03 -2.121219395586334713e+02
     4     35        259 -8.818369853638536426e+00 4.921305353832060973e+03 -3.028441851971777510e+02
     4     36        260 -9.159668198457072918e+00 5.098249877518331232e+03 -8.721205607051811057e+02
     4     37        261 -1.043917070837290595e+01 5.366256309218898423e+03 -1.480809514240890394e+03
     4     38        262 -1.191169290068373066e+01 5.291446895549717738e+03 -1.873044458536128332e+03
     4     39        263 -1.392014822012439090e+01 4.970052764683186979e+03 -2.222330218197793783e+03
     4     40        264 -1.604180389616871949e+01 4.563424509971621774e+03 -2.344558859128926088e+03
     4     41        265 -1.827741621043359643e+01 3.704854068183150503e+03 -1.960017874241099662e+03
     4     42        266 -1.968441798990813751e+01 2.333704596534639677e+03 -1.067817022214795088e+03
     4     43        267 -2.026191103865576437e+01 1.788358601534003355e+03 -4.721118224589164356e+02
     4     44        268 -2.056181875288623573e+01 9.856876990316478668e+02 -2.495798435707083627e+02
     4     45        269 -2.072574510244252721e+01 -4.493750309249018926e+01 3.596025054536800099e+02
     4     46        270 -1.989351201358327970e+01 -8.774993267696087287e+02 9.572886363814882316e+02
     4     47        271 -1.894666281728227375e+01 0.000000000000000000e+00 1.245974878055952558e+03
     4     48        272 -1.757791800247806435e+01 0.000000000000000000e+00 0.000000000000000000e+00
     5     18        298 -1.787066058203457430e+00 0.000000000000000000e+00 0.000000000000000000e+00
     5     21        301 -5.158293212482828238e+00 1.590952249176363921e+03 0.000000000000000000e+00
     5     22        302 -5.850106579762982761e+00 1.785516130513318785e+03 -5.160459274890251891e+02
     5     23        303 -6.117343736048169056e+00 2.276112099290143306e+03 -2.799699697952712540e+02
     5     24        304 -6.370419466294652722e+00 2.474286589739508145e+03 -1.701597742974404071e+02
     5     25        305 -6.433578807263203636e+00 2.953348865373408444e+03 -1.925962974511663219e+02
     5     26        306 -6.728351910032841943e+00 2.977916616100687406e+03 -7.067675121463349797e+01
     5     27        307 -6.564928696188997215e+00 3.164817181355376761e+03 9.584199843171874988e+01
     5     28        308 -6.550233425070196347e+00 2.995415050061928923e+03 1.447415173528093248e+02
     5     29        309 -6.295932429375505457e+00 3.148354843223193257e+03 1.792905882143981842e+02
     5     30        310 -6.217029104799665085e+00 2.967569013933917176e+03 2.525767841244323790e+02
     5     31        311 -5.826528672555549626e+00 3.005610686789197644e+03 4.728180316737248177e+02
     5     32        312 -5.338315880505373201e+00 2.855826878677640252e+03 2.038239546158093560e+02
     5     33        313 -5.447730081235191868e+00 3.169626911079164074e+03 -7.707750321434645002e+01
     5     34        314 -5.481561308625528817e+00 3.274060431489617713e+03 -8.018446048165989382e+00
     5     35        315 -5.462632039512612003e+00 3.564435515091061916e+03 -6.111234927293307351e+01
     5     36        316 -5.595136142655705136e+00 3.938838173146448298e+03 -6.076885561311918309e+02
     5     37        317 -6.591996688814451666e+00 4.187528424453126718e+03 -1.206305493004452501e+03
     5     38        318 -7.837006203088011880e+00 4.583075665056417165e+03 -1.659051485089775269e+03
     5     39        319 -9.675276898270311676e+00 5.042505525159709578e+03 -2.035321906948762717e+03
     5     40        320 -1.161956980160557151e+01 0.000000000000000000e+00 -2.539860866214904945e+03
     5     41        321 -1.439550578444503692e+01 5.033584537631055355e+03 -2.863574333142052183e+03
     5     42        322 -1.694140709781514786e+01 4.370100181844237341e+03 -2.111050562655642352e+03
     5     43        323 -1.831880803244283484e+01 3.272371337427776325e+03 -1.393252959710206596e+03
     5     44        324 -1.953071147808748620e+01 1.849847666434367056e+03 -1.262717726611155740e+03
     5     45        325 -2.066551795168237859e+01 5.629770262633250013e+02 -4.595921946732906349e+02
     5     46        326 -2.038484501824092021e+01 -2.476095662484673028e+02 5.745359672181532460e+02
     5     47        327 -1.959776605051190046e+01 -7.633542426004323715e+02 9.394832624034341961e+02
     5     48        328 -1.863885330181942024e+01 -1.307082633304121373e+03 1.107840803940695650e+03
     5     49        329 -1.753888863970437484e+01 0.000000000000000000e+00 0.000000000000000000e+00
     6     19        355 -3.066819037242892509e+00 0.000000000000000000e+00 0.000000000000000000e+00
     6     21        357 -3.998084237981819999e+00 1.951223855216489937e+03 0.000000000000000000e+00
     6     22        358 -4.809999631291693944e+00 1.840400019907562410e+03 -3.797910097536166631e+02
     6     23        359 -4.703910497520244149e+00 2.099898383215876947e+03 -1.116240249697797715e+01
     6     24        360 -4.830744505708325143e+00 2.165565865735295120e+03 1.468421954960492748e+01
     6     25        361 -4.676620468286370347e+00 2.240831164436228391e+03 -1.099608478204617938e+02
     6     26        362 -5.035102302284765408e+00 2.179373887303559968e+03 -2.244831487305973994e+01
     6     27        363 -4.718339755243877498e+00 2.359512793075383797e+03 1.394460854451785963e+02
     6     28        364 -4.775947381896056498e+00 2.336911662221909410e+03 1.664406180618136375e+02
     6     29        365 -4.409016585751146522e+00 2.298244812723026826e+03 1.658529052684463068e+02
     6     30        366 -4.467716452903948365e+00 0.000000000000000000e+00 1.560816953646215381e+02
     6     31        367 -4.118945055903466823e+00 2.178112058337630060e+03 3.054842130098368216e+02
     6     32        368 -3.899986375363009294e+00 1.836240857814183300e+03 1.564374707123307928e+02
     6     33        369 -3.828212331934650603e+00 1.860330221115239738e+03 2.717692818159681778e+01
     6     34        370 -3.849479151464779036e+00 1.921489783641870190e+03 9.591261815505087895e+01
     6     35        371 -3.649962603067096634e+00 2.017599467018483665e+03 2.158236339646171018e+02
     6     36        372 -3.448379640499366960e+00 2.150793304940714734e+03 -3.859757634552902914e+02
     6     37        373 -4.367282977682785727e+00 2.453834796030632333e+03 -9.781674520707350666e+02
     6     38        374 -5.266264361744386058e+00 2.919246326769764437e+03 -1.205980746156790701e+03
     6     39        375 -6.608549509208679673e+00 3.270162148610018903e+03 0.000000000000000000e+00
     6     41        377 -1.097875287075132356e+01 4.556036840686038886e+03 0.000000000000000000e+00
     6     42        378 -1.334780245290625800e+01 4.810342674457944668e+03 -2.441937352043702958e+03
     6     43        379 -1.551699485899195707e+01 4.329159781308018864e+03 -2.438444017406939565e+03
     6     44        380 -1.787955221974970144e+01 3.454388354277719372e+03 -2.363482807768427392e+03
     6     45        381 -1.990943224389157606e+01 2.165639479674660834e+03 -1.276859578775251748e+03
     6     46        382 -2.025254420033241587e+01 7.490030513585696781e+02 -7.753142993592477694e+01
     6     47        383 -2.005352127649885219e+01 -2.764561199498908763e+02 4.193608825559603588e+02
     6     48        384 -1.947317892961885022e+01 -9.238411894909593229e+02 8.850345908695834396e+02
     6     49        385 -1.840872021804080916e+01 -1.233216196703888500e+03 1.309677881465033124e+03
     6     50        386 -1.703919545835562843e+01 0.000000000000000000e+00 0.000000000000000000e+00
     7     21        413 -2.329031895202068103e+00 1.665565483030688483e+03 0.000000000000000000e+00
     7     22        414 -3.181539069824719235e+00 0.000000000000000000e+00 -4.000482212328517448e+02
     7     23        415 -3.072505364494991120e+00 1.803911071654770694e+03 -2.627155368850547390e+01
     7     24        416 -3.230363691777330182e+00 0.000000000000000000e+00 -6.020227466487888535e+01
     7     25        417 -3.184388861605632393e+00 1.553194407109747317e+03 -1.818231081805667202e+02
     7     26        418 -3.568274598167650691e+00 0.000000000000000000e+00 2.192012386638741717e+01
     7     27        419 -3.143651196311058271e+00 1.828455897483243689e+03 2.187549195967028197e+02
     7     28        420 -3.161727411190434101e+00 1.813723559237222844e+03 9.693948102920319343e+01
     7     29        421 -2.963493084246145326e+00 1.733091236903463141e+03 0.000000000000000000e+00
     7     31        423 -2.668281004107634580e+00 1.716956288398677543e+03 0.000000000000000000e+00
     7     32        424 -2.675779127310698335e+00 1.432406437605860219e+03 -4.411336661666099701e+01
     7     33        425 -2.750263915116729407e+00 1.231650217490995828e+03 -1.056523652092133680e+01
     7     34        426 -2.695414192868301750e+00 1.267183125308022909e+03 1.146849654567933925e+02
     7     35        427 -2.537126536624870532e+00 1.175816556947462459e+03 1.177930951569237834e+02
     7     36        428 -2.476500480803337734e+00 1.071571727929179588e+03 -2.673323550102777517e+02
     7     37        429 -3.033952926256663574e+00 1.430991014863150212e+03 -6.067489375051649176e+02
     7     38        430 -3.604118886820926182e+00 1.989163772410215643e+03 -1.022142784402501547e+03
     7     39        431 -4.933564027364718108e+00 2.344646220497567356e+03 -1.200356020139475049e+03
     7     40        432 -5.834932092112726565e+00 0.000000000000000000e+00 -1.536605521665928109e+03
     7     41        433 -7.789283356916917533e+00 4.200333287523598301e+03 -2.223083451444497314e+03
     7     42        434 -9.966442941178835113e+00 4.539054611067364021e+03 -2.288062851472893726e+03
     7     43        435 -1.204155579773014928e+01 4.492137594771695149e+03 -2.451185297182994873e+03
     7     44        436 -1.452187186212310799e+01 4.347282196277491494e+03 -2.950723034616360565e+03
     7     45        437 -1.752535543745371882e+01 3.465190833739933623e+03 -2.570367281035614724e+03
     7     46        438 -1.929879568870413209e+01 1.910241259085765932e+03 -1.330817235019086183e+03
     7     47        439 -1.999862554390558600e+01 6.140170962939588435e+02 -3.656905119716553827e+02
     7     48        440 -1.997841674234911480e+01 -1.703542181769821866e+02 3.613647543150220827e+02
     7     49        441 -1.932704373623546701e+01 -8.297736374351635504e+02 9.628458881436906722e+02
     7     50        442 -1.818900652913397309e+01 -1.310074733070395951e+03 1.525005408444573277e+03
     7     51        443 -1.649288274881085670e+01 0.000000000000000000e+00 0.000000000000000000e+00
     8     19        467 -9.520452769604543786e-01 0.000000000000000000e+00 0.000000000000000000e+00
     8     21        469 -1.583025617240462202e+00 1.044310924348632398e+03 0.000000000000000000e+00
     8     23        471 -2.088251714340258580e+00 0.000000000000000000e+00 0.000000000000000000e+00
     8     25        473 -2.424499143250155253e+00 1.042418725738340754e+03 0.000000000000000000e+00
     8     27        475 -2.067091141573536905e+00 1.309456392999343961e+03 0.000000000000000000e+00
     8     28        476 -2.146060558468864343e+00 1.402190271689842120e+03 9.203592995546473787e+01
     8     29        477 -1.896046081223770496e+00 1.441644819056651386e+03 0.000000000000000000e+00
     8     31        479 -1.629370116953491987e+00 1.174613526356614102e+03 0.000000000000000000e+00
     8     32        480 -1.823006784473089725e+00 9.544118711177892465e+02 -2.222043303749340453e+02
     8     33        481 -2.042327894610013850e+00 0.000000000000000000e+00 -1.017323443380074650e+02
     8     34        482 -2.012072239510462435e+00 9.217135492593491790e+02 5.235050538370665407e+01
     8     35        483 -1.945036593734043251e+00 8.443742064259670315e+02 6.320520148098280799e+01
     8     36        484 -1.894607924139659394e+00 8.628689673368162403e+02 -1.868854941826396328e+02
     8     37        485 -2.292355740141684972e+00 9.298799208118748538e+02 -2.622507858402455554e+02
     8     38        486 -2.381990422610899660e+00 0.000000000000000000e+00 -4.931356503039107793e+02
     8     39        487 -3.208828438441893027e+00 1.742415906650791158e+03 -6.325711623090826379e+02
     8     40        488 -3.557598390988411907e+00 0.000000000000000000e+00 -9.036891143513629459e+02
     8     41        489 -4.888298175711364379e+00 3.235269244554584020e+03 -1.726486655769135268e+03
     8     42        490 -6.766204142807231037e+00 3.814870972458017150e+03 -2.214268021110361133e+03
     8     43        491 -9.003425903378676765e+00 3.684853928184054439e+03 -2.588067228175931177e+03
     8     44        492 -1.157602260660513416e+01 3.717141348270412891e+03 -3.164719376869100870e+03
     8     45        493 -1.488492910618854381e+01 3.501725978660555484e+03 -3.178269070842383826e+03
     8     46        494 -1.748270736866585651e+01 2.449475082862735690e+03 -2.302052456718250141e+03
     8     47        495 -1.916320066359264729e+01 1.613462803074350404e+03 -1.203945451468130159e+03
     8     48        496 -1.972019138717732289e+01 9.167327931507430776e+02 -2.414288032310264782e+02
     8     49        497 -1.961188634796401331e+01 9.760467561446131413e+01 4.204538342813362419e+02
     8     50        498 -1.893879490980439328e+01 -5.436301922288857895e+02 1.112540138298153352e+03
     8     51        499 -1.754427541396436041e+01 -1.027147808173633393e+03 1.344499265343081106e+03
     8     52        500 -1.644009730233626598e+01 0.000000000000000000e+00 0.000000000000000000e+00
     9     19        523 -3.457907789664297904e-01 0.000000000000000000e+00 0.000000000000000000e+00
     9     21        525 -8.147881585983653974e-01 0.000000000000000000e+00 0.000000000000000000e+00
     9     22        526 -1.221086429836264919e+00 0.000000000000000000e+00 0.000000000000000000e+00
     9     24        528 -1.697819824458099314e+00 0.000000000000000000e+00 0.000000000000000000e+00
     9     25        529 -1.672888800115575947e+00 4.571756882182364166e+02 0.000000000000000000e+00
     9     27        531 -1.244948333759192671e+00 0.000000000000000000e+00 0.000000000000000000e+00
     9     28        532 -1.128561055339731389e+00 8.379938514500054225e+02 2.000745265719383212e+02
     9     29        533 -8.731179030946935038e-01 0.000000000000000000e+00 8.163174821268559356e+01
     9     30        534 -9.768517467441409918e-01 0.000000000000000000e+00 -4.949339569112130732e+01
     9     31        535 -9.650993809479528895e-01 0.000000000000000000e+00 -1.695149329637481515e+02
     9     32        536 -1.291888406372626807e+00 3.103620058852268357e+02 0.000000000000000000e+00
     9     34        538 -1.358935816201624069e+00 0.000000000000000000e+00 0.000000000000000000e+00
     9     35        539 -1.312789680982250573e+00 0.000000000000000000e+00 7.188182427234134764e+01
     9     36        540 -1.225346347646643741e+00 4.558919501832894525e+02 -2.006197387065510043e+02
     9     37        541 -1.685633366388820331e+00 0.000000000000000000e+00 0.000000000000000000e+00
     9     39        543 -2.407072815132789145e+00 6.555205819796376545e+02 0.000000000000000000e+00
     9     41        545 -3.098164959540183450e+00 1.562180231305351299e+03 0.000000000000000000e+00
     9     42        546 -4.434905980958972371e+00 2.533508771705435265e+03 -1.937291318711471604e+03
     9     43        547 -6.698542667294383079e+00 2.597867883238673130e+03 -2.527435159157244016e+03
     9     44        548 -9.132042192190395369e+00 3.059457917579888090e+03 -3.093601726628819506e+03
     9     45        549 -1.244787658813829800e+01 3.450419257003095026e+03 -3.559416185809849139e+03
     9     46        550 -1.574707348058377754e+01 3.252745206973428139e+03 -2.804063527597870689e+03
     9     47        551 -1.765911545468357602e+01 2.677668954394828688e+03 -1.561555010624439092e+03
     9     48        552 -1.864916042815938724e+01 2.033224983028866973e+03 -8.213265120453467034e+02
     9     49        553 -1.918551762052943843e+01 8.646731327153665916e+02 -1.765473817387798192e+02
     9     50        554 -1.897726660993768988e+01 2.438046975816270105e+02 6.474596043247805710e+02
     9     51        555 -1.798224008370923954e+01 -3.845709820733698621e+02 1.127394795435668357e+03
     9     52        556 -1.688204889532756425e+01 -6.083688587655366291e+02 1.213390387284642202e+03
     9     53        557 -1.572720303327299440e+01 0.000000000000000000e+00 0.000000000000000000e+00
    10     22        582 -1.132455539040170489e+00 2.256770815399922299e+02 0.000000000000000000e+00
    10     25        585 -1.761597505173598366e+00 4.381516331492012029e+01 0.000000000000000000e+00
    10     26        586 -1.598484676490412149e+00 0.000000000000000000e+00 0.000000000000000000e+00
    10     28        588 -9.309751741403879954e-01 0.000000000000000000e+00 0.000000000000000000e+00
    10     30        590 -8.196281536111025279e-01 0.000000000000000000e+00 0.000000000000000000e+00
    10     32        592 -1.372983987110707904e+00 0.000000000000000000e+00 0.000000000000000000e+00
    10     33        593 -1.496480693884432611e+00 0.000000000000000000e+00 0.000000000000000000e+00
    10     36        596 -1.233567697481422032e+00 0.000000000000000000e+00 0.000000000000000000e+00
    10     38        598 -1.798781980499624344e+00 0.000000000000000000e+00 0.000000000000000000e+00
    10     39        599 -2.258328053610042740e+00 5.737657832849589568e+02 -2.782107148313932612e+02
    10     40        600 -2.315825362701705359e+00 0.000000000000000000e+00 -1.963020380847220565e+02
    10     41        601 -2.623147466715671783e+00 0.000000000000000000e+00 -4.179850248899881535e+02
    10     42        602 -3.092633657486166143e+00 0.000000000000000000e+00 -1.406211700779533203e+03
    10     43        603 -5.236535144123514840e+00 1.853536145204463082e+03 -2.177715197133454694e+03
    10     44        604 -7.139829437422742231e+00 0.000000000000000000e+00 -2.499548246662921883e+03
    10     45        605 -9.881844654273434614e+00 0.000000000000000000e+00 -3.027463936164463576e+03
    10     46        606 -1.276624894465829740e+01 3.060786191576478814e+03 -2.904961803850613705e+03
    10     47        607 -1.528059889399078664e+01 2.558065075184191755e+03 -2.155430218994461939e+03
    10     48        608 -1.677202899236375799e+01 2.129491193211882546e+03 -1.655950575028484991e+03
    10     49        609 -1.835811618728087069e+01 1.285480959365103445e+03 -9.756740124537986958e+02
    10     50        610 -1.858527975674036981e+01 6.597807750961339934e+02 1.378644233692680814e+02
    10     51        611 -1.810190072200885325e+01 1.310594280788403765e+01 6.796229129604832906e+02
    10     52        612 -1.732222800924718698e+01 -4.411038154920300371e+02 8.440539841049306915e+02
    10     53        613 -1.653326046684384920e+01 -6.286312516932315475e+02 0.000000000000000000e+00
    11     22        638 -8.938561967233790151e-01 0.000000000000000000e+00 0.000000000000000000e+00
    11     25        641 -1.609357111352223590e+00 0.000000000000000000e+00 0.000000000000000000e+00
    11     29        645 -5.662277695200852445e-01 0.000000000000000000e+00 0.000000000000000000e+00
    11     31        647 -6.023733492735257045e-01 0.000000000000000000e+00 0.000000000000000000e+00
    11     33        649 -8.190031198113789657e-01 0.000000000000000000e+00 0.000000000000000000e+00
    11     35        651 -8.033297818943143653e-01 0.000000000000000000e+00 0.000000000000000000e+00
    11     37        653 -9.049576889382053846e-01 0.000000000000000000e+00 0.000000000000000000e+00
    11     39        655 -1.575116332288682086e+00 1.154697198622735868e+03 0.000000000000000000e+00
    11     40        656 -1.563899946889972803e+00 0.000000000000000000e+00 0.000000000000000000e+00
    11     43        659 -4.010927865031297834e+00 0.000000000000000000e+00 0.000000000000000000e+00
    11     46        662 -1.130895432314162896e+01 2.447854436825480661e+03 0.000000000000000000e+00
    11     47        663 -1.394993849635731920e+01 2.626370823799323716e+03 -2.288162891017946549e+03
    11     48        664 -1.556141268341076511e+01 2.129215530078787651e+03 -1.814212384557840778e+03
    11     49        665 -1.732157897365945942e+01 1.940260183157292204e+03 -1.323233634295311504e+03
    11     50        666 -1.802058897406597282e+01 1.028980350260023442e+03 -3.452631263564730943e+02
    11     51        667 -1.796323655578818190e+01 1.318870761035009025e+02 2.684710169016616419e+02
    11     52        668 -1.752164642727660038e+01 -3.417192724998180324e+02 7.126990880884002308e+02
    11     53        669 -1.663871407209847675e+01 -4.109191611073540571e+02 9.433962079437569628e+02
    11     54        670 -1.576838265953325546e+01 0.000000000000000000e+00 0.000000000000000000e+00
    12     29        701 -1.571776268029226320e-01 3.905037419574549062e+02 0.000000000000000000e+00
    12     30        702 -1.440794912360124080e-01 0.000000000000000000e+00 0.000000000000000000e+00
    12     36        708 -4.495311316395716461e-01 0.000000000000000000e+00 0.000000000000000000e+00
    12     39        711 -5.840249701879226540e-01 0.000000000000000000e+00 0.000000000000000000e+00
    12     41        713 -7.209608072401640921e-01 0.000000000000000000e+00 0.000000000000000000e+00
    12     44        716 -4.706901379554061293e+00 0.000000000000000000e+00 0.000000000000000000e+00
    12     45        717 -6.426311020796576123e+00 0.000000000000000000e+00 -2.426727602492215283e+03
    12     46        718 -9.216876662267864617e+00 0.000000000000000000e+00 -2.715188407659642507e+03
    12     47        719 -1.147237906480784098e+01 0.000000000000000000e+00 -2.404036236474089947e+03
    12     48        720 -1.368468095728298373e+01 2.393652561544271975e+03 -2.191262585924913765e+03
    12     49        721 -1.554475211990791195e+01 2.310745971437030676e+03 -1.834091112670530265e+03
    12     50        722 -1.709326524828219718e+01 1.244468219496112852e+03 -1.273050649281603000e+03
    12     51        723 -1.791066535879241783e+01 5.100080048022065853e+02 -3.898138920246933594e+02
    12     52        724 -1.781771862989962329e+01 1.517491101707620160e+01 4.205498418334107669e+02
    12     53        725 -1.712909045525976381e+01 -2.589144694866663485e+02 6.299284926463277543e+02
    12     54        726 -1.664702195640628446e+01 -6.929634612068116439e+02 0.000000000000000000e+00
    13     28        756 0.000000000000000000e+00 0.000000000000000000e+00 0.000000000000000000e+00
    13     29        757 0.000000000000000000e+00 1.083988718366036039e+02 0.000000000000000000e+00
    13     31        759 0.000000000000000000e+00 0.000000000000000000e+00 0.000000000000000000e+00
    13     35        763 -5.722502737096658160e-02 0.000000000000000000e+00 0.000000000000000000e+00
    13     36        764 -6.676253193279434173e-02 0.000000000000000000e+00 0.000000000000000000e+00
    13     48        776 -1.209063275148141514e+01 2.235753894521323218e+03 0.000000000000000000e+00
    13     49        777 -1.397101303343125345e+01 2.174656647971936309e+03 -2.219841476518599393e+03
    13     50        778 -1.621611852102563489e+01 1.348081586317367737e+03 -1.750221167984870590e+03
    13     51        779 -1.722372841804540755e+01 9.618804945510205471e+02 -6.906388320982870255e+02
    13     52        780 -1.749964290952592805e+01 3.257359797267490080e+02 1.127762599715462102e+02
    13     53        781 -1.701413829164381397e+01 1.061250096022052070e+01 3.908978883238021353e+02
    13     54        782 -1.677317496454732648e+01 -3.159052487444494091e+02 4.863404919808133968e+02
    13     55        783 -1.611029412076787182e+01 0.000000000000000000e+00 7.133658789344696061e+02
    14     23        807 -8.644769474160745037e-01 0.000000000000000000e+00 0.000000000000000000e+00
    14     25        809 -1.152635929888099264e+00 0.000000000000000000e+00 0.000000000000000000e+00
    14     28        812 0.000000000000000000e+00 0.000000000000000000e+00 0.000000000000000000e+00
    14     29        813 0.000000000000000000e+00 0.000000000000000000e+00 0.000000000000000000e+00
    14     37        821 -6.281804560763023515e-01 0.000000000000000000e+00 0.000000000000000000e+00
    14     45        829 -3.588319414856496525e+00 0.000000000000000000e+00 0.000000000000000000e+00
    14     47        831 -8.203205228582413966e+00 0.000000000000000000e+00 0.000000000000000000e+00
    14     48        832 -1.044285301846498193e+01 0.000000000000000000e+00 -2.253645694720695701e+03
    14     49        833 -1.239151477298556259e+01 1.842706951579303222e+03 -2.526664030468569308e+03
    14     50        834 -1.513855611815881730e+01 1.394966198945412316e+03 -2.219273609542766280e+03
    14     51        835 -1.651594518467987527e+01 9.888039432592248659e+02 -1.187460583501506790e+03
    14     52        836 -1.734540367504520475e+01 3.650910360762902656e+02 -3.216412165562275618e+02
    14     53        837 -1.711370240105671314e+01 6.696522310149147117e+00 1.293120673339895461e+02
    14     54        838 -1.710508241820781450e+01 -2.762733189434455880e+02 1.875507253047231302e+02
    14     55        839 -1.676514694946392936e+01 -6.376999795733408973e+02 3.658249694754545089e+02
    15     20        860 -8.644769474160745037e-01 0.000000000000000000e+00 0.000000000000000000e+00
    15     21        861 -1.152635929888099264e+00 0.000000000000000000e+00 0.000000000000000000e+00
    15     45        885 -2.817035383198808418e+00 0.000000000000000000e+00 0.000000000000000000e+00
    15     47        887 -7.228204305738089808e+00 1.521703118964333953e+03 0.000000000000000000e+00
    15     49        889 -1.129910048826137547e+01 1.376376948037112015e+03 0.000000000000000000e+00
    15     50        890 -1.419342702151414493e+01 1.307294297497930756e+03 -2.416446860194793317e+03
    15     51        891 -1.578996942644697299e+01 9.953536642583909497e+02 -1.494160176544819251e+03
    15     52        892 -1.697026339066903233e+01 5.148744730931948652e+02 -6.534761012111879381e+02
    15     53        893 -1.700442837984575917e+01 -1.015434033914787904e+02 -1.095025168960221293e+02
    15     54        894 -1.717376939772513111e+01 -3.682304455145145425e+02 -1.642563173807198851e+01
    15     55        895 -1.703495475333143006e+01 -7.074108024006543474e+02 1.493867740124874501e+02
    16     25        921 -8.644769474160745037e-01 0.000000000000000000e+00 0.000000000000000000e+00
    16     44        940 -2.402566318916698584e+00 0.000000000000000000e+00 0.000000000000000000e+00
    16     46        942 -3.763685367464073117e+00 0.000000000000000000e+00 0.000000000000000000e+00
    16     47        943 -5.996746057144292763e+00 6.476867386119510002e+02 -2.373592622188061796e+03
    16     48        944 -8.174911434331354698e+00 0.000000000000000000e+00 -2.367030971360819422e+03
    16     49        945 -1.039577756084170268e+01 5.564987856115048999e+02 -2.727030903819685136e+03
    16     50        946 -1.324298827937680834e+01 8.724035993339866764e+02 -2.516552689848364025e+03
    16     51        947 -1.507268914218572675e+01 7.738862088198414995e+02 -1.805716334905324629e+03
    16     52        948 -1.659883919138360753e+01 4.275364488943492915e+02 -1.177453880357198614e+03
    16     53        949 -1.726093964524706337e+01 -2.145501794667058846e+02 -5.596973165899416927e+02
    16     54        950 -1.763901405939497380e+01 -4.533940619655456317e+02 -2.851545156411088442e+02
    16     55        951 -1.779088780093412225e+01 -7.766844335164134918e+02 -1.634404525893753828e+02
    17     46        998 -3.831478948219633196e+00 -2.495377393926223988e+02 0.000000000000000000e+00
    17     47        999 -6.289062940501340293e+00 0.000000000000000000e+00 -2.338858414230282506e+03
    17     48       1000 -8.178152891810553271e+00 -1.060487421621122195e+02 -2.261613879470916345e+03
    17     49       1001 -1.049218103458871632e+01 -1.018748479353802736e+02 -2.556038758026524192e+03
    17     50       1002 -1.292844773681884973e+01 5.809590046900532343e+02 -2.246838502929916103e+03
    17     51       1003 -1.466783968785370007e+01 5.061086641646032831e+02 -1.841251031542729152e+03
    17     52       1004 -1.635033844799752245e+01 2.848698808693178535e+02 -1.424666401017275120e+03
    17     53       1005 -1.731552468064075256e+01 -7.869731979588907222e+01 -7.968154009917300300e+02
    17     54       1006 -1.783118770345899051e+01 -2.453132641327320016e+02 -4.550097318877622570e+02
    17     55       1007 -1.816114189870040718e+01 -4.433054934505008191e+02 -3.550835217299186297e+02
    18     23       1031 0.000000000000000000e+00 0.000000000000000000e+00 0.000000000000000000e+00
    18     43       1051 -4.322384737080372519e-01 0.000000000000000000e+00 0.000000000000000000e+00
    18     44       1052 -1.863202865672662911e+00 0.000000000000000000e+00 -9.769382784086370748e+02
    18     45       1053 -2.247838825323547063e+00 0.000000000000000000e+00 -1.217304099441292237e+03
    18     46       1054 -4.125513392156248571e+00 0.000000000000000000e+00 0.000000000000000000e+00
    18     48       1056 -8.328681389092519538e+00 0.000000000000000000e+00 0.000000000000000000e+00
    18     49       1057 -1.054349539736612940e+01 -6.396733019546462629e+01 -2.191018959558449751e+03
    18     50       1058 -1.240060167442566552e+01 2.840253950202641704e+02 -2.042196431286969982e+03
    18     51       1059 -1.433883502184304604e+01 2.580743264845349358e+02 -2.036728732743554019e+03
    18     52       1060 -1.618577980188956289e+01 8.895201467684189822e+01 -1.633726744694667786e+03
    18     53       1061 -1.737505022362940821e+01 -1.070813611728914907e+02 -9.733527661379333722e+02
    18     54       1062 -1.799471662369639802e+01 -2.164683504570581931e+02 -5.696263239280123116e+02
    18     55       1063 -1.843367775094649730e+01 -3.270184554839144084e+02 -4.723924266289652678e+02
    19     18       1082 0.000000000000000000e+00 0.000000000000000000e+00 0.000000000000000000e+00
    19     49       1113 -1.058493322824805105e+01 2.880967553860741077e+02 0.000000000000000000e+00
    19     50       1114 -1.251661284606149849e+01 -3.091822217246496507e+01 -1.995577617850986826e+03
    19     51       1115 -1.429363366994656026e+01 -6.872507594046909674e+01 -1.993449696478583974e+03
    19     52       1116 -1.622135863179316573e+01 -1.606731022749253555e+02 -1.709565386503422133e+03
    19     53       1117 -1.747079192594337727e+01 -1.264997487494509443e+02 -1.035108148755499087e+03
    19     54       1118 -1.814506533914204667e+01 -1.535155909756206256e+02 -6.266073740933693443e+02
    19     55       1119 -1.863531643467894838e+01 -1.890253609841298612e+02 -5.275886412288989504e+02
    20     48       1168 -8.101781805416015558e+00 0.000000000000000000e+00 0.000000000000000000e+00
    20     49       1169 -1.012575706177291224e+01 2.939558489687989322e+02 -2.337231872175411809e+03
    20     50       1170 -1.244543288626114297e+01 -3.080015600672259666e+02 -2.320593238951137209e+03
    20     51       1171 -1.443848591446908891e+01 -3.461482949543101881e+02 -2.137965095622689660e+03
    20     52       1172 -1.641875470724377450e+01 -3.546492747002046713e+02 -1.678803259251152213e+03
    20     53       1173 -1.755847399882861382e+01 -4.959712523346725277e+01 -9.677683872642004417e+02
    20     54       1174 -1.821731318635405827e+01 -4.217205384097713505e+00 -6.184095802065563703e+02
    20     55       1175 -1.870776323856887657e+01 6.102817005990236510e+01 -5.278027504564377068e+02
    21     47       1223 -6.537510088528839525e+00 0.000000000000000000e+00 0.000000000000000000e+00
    21     49       1225 -1.015869924681511449e+01 -9.481235784576195158e+01 0.000000000000000000e+00
    21     50       1226 -1.296321301304420714e+01 -4.770592971731107923e+02 -2.494994790780960557e+03
    21     51       1227 -1.479554634303053184e+01 -5.270594441294352919e+02 -2.029844820595207011e+03
    21     52       1228 -1.673559766768258683e+01 -4.658700249314230746e+02 -1.478192494737155585e+03
    21     53       1229 -1.754270742015806306e+01 -1.460733994378597629e+02 -7.616967124707284711e+02
    21     54       1230 -1.815118025826235026e+01 -1.029916832816330015e+02 -5.402961499676358699e+02
    21     55       1231 -1.854682600322317043e+01 -2.599118915934376872e+01 -4.257781428581482146e+02
    22     15       1247 0.000000000000000000e+00 0.000000000000000000e+00 0.000000000000000000e+00
    22     47       1279 -6.953666706951086240e+00 -6.234177533483044726e+02 0.000000000000000000e+00
    22     48       1280 -8.807446744461175925e+00 0.000000000000000000e+00 -1.780812224803919662e+03
    22     49       1281 -1.026323433570847143e+01 -3.535435011943012000e+02 -2.329735231940850554e+03
    22     50       1282 -1.313716562206826843e+01 -5.740199280181928998e+02 -2.657837763749810620e+03
    22     51       1283 -1.520271852324757411e+01 -7.508458619978604247e+02 -2.129235086977786068e+03
    22     52       1284 -1.709426307441308523e+01 -5.360477709417647247e+02 -1.381553233342094472e+03
    22     53       1285 -1.777027943438043778e+01 -3.275603396392643845e+02 -6.846462153102178263e+02
    22     54       1286 -1.836665042653351776e+01 -2.891432661433777866e+02 -5.247199540014760260e+02
    22     55       1287 -1.874545028605041708e+01 -1.830521030949464318e+02 -4.076492740140664637e+02
    23     16       1304 0.000000000000000000e+00 0.000000000000000000e+00 0.000000000000000000e+00
    23     47       1335 -7.441461590217885558e+00 -8.011961147713260516e+02 0.000000000000000000e+00
    23     48       1336 -9.261764726132241776e+00 -6.659943341645526971e+02 -1.737930313872064971e+03
    23     49       1337 -1.067133491864276351e+01 -6.764368176854483181e+02 -2.439532828277068347e+03
    23     50       1338 -1.379553800402273822e+01 -5.965932386632234738e+02 -2.804975008398099817e+03
    23     51       1339 -1.588426773545896609e+01 -9.197330113513681908e+02 -2.000218473824609191e+03
    23     52       1340 -1.751286328919777802e+01 -3.633445671966142072e+02 -1.147939892991914121e+03
    23     53       1341 -1.801766768447581057e+01 -1.400964534522898930e+02 -5.690587629421629572e+02
    23     54       1342 -1.857043602733499199e+01 1.058404389719976457e+01 -4.275490358531420725e+02
    23     55       1343 -1.881225030753804361e+01 0.000000000000000000e+00 -2.602308667609479471e+02
    24     47       1391 -8.115395623404214831e+00 -1.501745750866102071e+03 0.000000000000000000e+00
    24     48       1392 -9.773133998715692883e+00 -1.236490644338066204e+03 -1.683473477603363790e+03
    24     49       1393 -1.124406312003552522e+01 -1.336776814912021791e+03 -2.275587638549109215e+03
    24     50       1394 -1.400222175993197382e+01 -9.213768870520323162e+02 -2.847660464288135245e+03
    24     51       1395 -1.653632513341986510e+01 -8.966919579036041341e+02 -1.947251587574727864e+03
    24     52       1396 -1.762111022527443183e+01 -3.716185433533725018e+02 -7.732711446300039597e+02
    24     53       1397 -1.797341833891008278e+01 -2.330596732246663692e+02 -3.929024864139140618e+02
    24     54       1398 -1.835130363487827410e+01 -6.316855413133679065e+01 0.000000000000000000e+00
    25     47       1447 -9.618982713669300466e+00 -1.728267308740037834e+03 0.000000000000000000e+00
    25     48       1448 -1.105466774945916164e+01 -1.616282846103459633e+03 -1.609219508923192052e+03
    25     49       1449 -1.260965220712668255e+01 -1.788190935910445432e+03 -2.193677176022398726e+03
    25     50       1450 -1.513152822277887921e+01 -1.379493162111327592e+03 -2.461615357905293422e+03
    25     51       1451 -1.718446497486383961e+01 -7.681522114967904145e+02 -1.571290212054708718e+03
    25     52       1452 -1.805170764920447013e+01 -4.177044723734016998e+02 -6.301657735367107307e+02
    25     53       1453 -1.835560262531297226e+01 -4.623481142522805953e+02 -3.284022649800841123e+02
    25     54       1454 -1.866203000113484478e+01 -2.431216267492874863e+02 0.000000000000000000e+00
    26     46       1502 -9.159059334726496360e+00 0.000000000000000000e+00 0.000000000000000000e+00
    26     47       1503 -1.062137146490836415e+01 -1.060229996297806110e+03 -1.591465183512728572e+03
    26     48       1504 -1.211673313114717132e+01 -1.180706687643975783e+03 -1.730226632941082926e+03
    26     49       1505 -1.383692781331910204e+01 -1.530693052522606195e+03 -2.090841397361616146e+03
    26     50       1506 -1.600247746128606607e+01 -1.184906152144545331e+03 -2.051813630828238729e+03
    26     51       1507 -1.765014061489900499e+01 -7.082339777391565576e+02 -1.196852151881279951e+03
    26     52       1508 -1.822677886887048615e+01 -3.640738026659482784e+02 -5.346790043257202569e+02
    26     53       1509 -1.864381995955168136e+01 -3.394874145068538951e+02 -2.566907901900905244e+02
    26     54       1510 -1.870382833988184856e+01 0.000000000000000000e+00 0.000000000000000000e+00
    27     12       1524 0.000000000000000000e+00 0.000000000000000000e+00 0.000000000000000000e+00
    27     44       1556 -8.092755211440969987e+00 0.000000000000000000e+00 0.000000000000000000e+00
    27     46       1558 -9.663447910628661930e+00 -4.240351070740709361e+02 0.000000000000000000e+00
    27     47       1559 -1.115630899631322137e+01 -5.428732982224669286e+02 -1.669789568731368945e+03
    27     48       1560 -1.276668441503809071e+01 -1.050363102895295469e+03 -1.976280606306133677e+03
    27     49       1561 -1.482914672107219722e+01 -1.436137388340388725e+03 -2.196953650184619164e+03
    27     50       1562 -1.684963408331767454e+01 -9.656820241471673398e+02 -1.819922611688214602e+03
    27     51       1563 -1.821139942497538655e+01 -5.389793801491069871e+02 -9.308666570475222670e+02
    27     52       1564 -1.857961218653588276e+01 -2.664430427624339472e+02 -3.424651424980809793e+02
    27     53       1565 -1.884785706705734754e+01 1.206874736253363380e+02 0.000000000000000000e+00
    28     44       1612 -7.758227407185154689e+00 0.000000000000000000e+00 0.000000000000000000e+00
    28     45       1613 -8.820084958872042691e+00 0.000000000000000000e+00 -1.084597112382867408e+03
    28     46       1614 -9.773907355575731870e+00 -4.246088019984840116e+02 -1.392792748156992957e+03
    28     47       1615 -1.140853405455138336e+01 -6.682542904285052145e+02 -2.080134035244934239e+03
    28     48       1616 -1.363975248547488484e+01 -1.518057864120120030e+03 -2.427162328174053982e+03
    28     49       1617 -1.591931725739509318e+01 -1.562799108839279597e+03 -2.024772171985486239e+03
    28     50       1618 -1.740270982745392914e+01 -9.664267426405656352e+02 -1.351839852536002354e+03
    28     51       1619 -1.843165704982319753e+01 -3.653231300137852600e+02 -6.512972471038686990e+02
    28     52       1620 -1.861311946845417609e+01 -3.822042385302128764e+02 -1.999876312544284573e+01
    28     53       1621 -1.846882394374568293e+01 0.000000000000000000e+00 0.000000000000000000e+00
    29     45       1669 -8.889126740191562348e+00 -4.822477649160515512e+02 0.000000000000000000e+00
    29     46       1670 -1.027912778521585935e+01 -8.429877169333475422e+02 -1.741305745363411688e+03
    29     47       1671 -1.212527317177760011e+01 -1.030169014184838943e+03 -2.522912055957941448e+03
    29     48       1672 -1.496785799174816844e+01 -1.795235210789679286e+03 -2.674215541599304288e+03
    29     49       1673 -1.709519479828230359e+01 -1.485518306639975208e+03 -1.766564224018674850e+03
    29     50       1674 -1.825094628623517679e+01 -1.027532740591020456e+03 -8.856370369514581853e+02
    29     51       1675 -1.874111547846288062e+01 -5.270796308843802080e+02 -4.750490309083755847e+02
    29     52       1676 -1.913380573254206496e+01 -3.735609695804499211e+02 0.000000000000000000e+00
    30     10       1690 0.000000000000000000e+00 0.000000000000000000e+00 0.000000000000000000e+00
    30     11       1691 0.000000000000000000e+00 0.000000000000000000e+00 0.000000000000000000e+00
    30     44       1724 -7.974405002834980216e+00 0.000000000000000000e+00 0.000000000000000000e+00
    30     45       1725 -9.519340937612989606e+00 -1.045432755277346132e+03 -1.625985713626656889e+03
    30     46       1726 -1.099623381088535190e+01 -1.228378736271302841e+03 -1.820287686122818059e+03
    30     47       1727 -1.290227211761490622e+01 -1.525084647265664898e+03 -2.823089311860841462e+03
    30     48       1728 -1.624283132941617680e+01 -1.503690493147428697e+03 -2.782431480065257801e+03
    30     49       1729 -1.807330869710234467e+01 -1.077305591202646156e+03 -1.425801206154608735e+03
    30     50       1730 -1.889262531173910276e+01 -6.072095348640192469e+02 -6.040541392004157615e+02
    30     51       1731 -1.919591892925903664e+01 -4.487233224513993264e+02 -1.410603799397345313e+02
    30     52       1732 -1.915478033327719132e+01 0.000000000000000000e+00 0.000000000000000000e+00
    31      9       1745 0.000000000000000000e+00 0.000000000000000000e+00 0.000000000000000000e+00
    31     40       1776 -9.388259088637687100e+00 0.000000000000000000e+00 0.000000000000000000e+00
    31     41       1777 -9.388259088637687100e+00 0.000000000000000000e+00 0.000000000000000000e+00
    31     44       1780 -8.786861413606725790e+00 -1.528366398867927273e+03 0.000000000000000000e+00
    31     45       1781 -1.040499712401088495e+01 -1.665425349860653341e+03 -1.761355011555329156e+03
    31     46       1782 -1.206026859702549281e+01 -1.732937387311135126e+03 -2.115536086100112698e+03
    31     47       1783 -1.433663553625052778e+01 -1.986286625317707376e+03 -2.737713695033059594e+03
    31     48       1784 -1.714819897827881334e+01 -1.389107821705005563e+03 -2.324852781805785980e+03
    31     49       1785 -1.865728057738515844e+01 -8.775830175995379250e+02 -1.067118688441521726e+03
    31     50       1786 -1.913139598137495057e+01 -3.320781200396164081e+02 -3.952093735877195968e+02
    31     51       1787 -1.939176124367293497e+01 0.000000000000000000e+00 0.000000000000000000e+00
    32     41       1833 -1.035932570852961732e+01 0.000000000000000000e+00 0.000000000000000000e+00
    32     44       1836 -1.019052588480777466e+01 -2.322073570692530211e+03 0.000000000000000000e+00
    32     45       1837 -1.193419636621102242e+01 -2.561469446836175848e+03 -1.785594529913385486e+03
    32     46       1838 -1.350898123455038125e+01 -2.365551155667922558e+03 -2.070627623167057209e+03
    32     47       1839 -1.578237421303543364e+01 -2.156441238008048458e+03 -2.554829230661646761e+03
    32     48       1840 -1.825702822177943574e+01 -1.435993327236116329e+03 -1.917407207623766908e+03
    32     49       1841 -1.934579810305080372e+01 -8.958398142781428533e+02 -6.010935545632221420e+02
    32     50       1842 -1.937413632690612530e+01 -5.868697129520402314e+02 0.000000000000000000e+00
    33     42       1890 -1.041703673265126717e+01 0.000000000000000000e+00 0.000000000000000000e+00
    33     44       1892 -1.215385229570183334e+01 -2.843663229333268646e+03 0.000000000000000000e+00
    33     45       1893 -1.411911039807500856e+01 -3.019554109918679842e+03 -1.795276761289918340e+03
    33     46       1894 -1.549030168158794218e+01 -2.678291812479400051e+03 -1.799528066264308109e+03
    33     47       1895 -1.746346066263167174e+01 -2.319099495041951286e+03 -2.012461176114663658e+03
    33     48       1896 -1.923037953473355444e+01 -1.286260844634012528e+03 -1.341315953919987351e+03
    33     49       1897 -1.995624221432963807e+01 -7.999285324163405448e+02 -4.046219385926805217e+02
    33     50       1898 -1.998235307309964526e+01 0.000000000000000000e+00 0.000000000000000000e+00
    34      6       1910 0.000000000000000000e+00 0.000000000000000000e+00 0.000000000000000000e+00
    34     41       1945 -1.154376109555445318e+01 0.000000000000000000e+00 0.000000000000000000e+00
    34     43       1947 -1.236545855989435339e+01 0.000000000000000000e+00 0.000000000000000000e+00
    34     44       1948 -1.431381822392980396e+01 -2.721209671557921865e+03 -2.123839905745719079e+03
    34     45       1949 -1.631252928572178362e+01 -2.509201262663408215e+03 -1.656569704386706462e+03
    34     46       1950 -1.739248614413801164e+01 -2.184636390905945518e+03 -1.524124266098476028e+03
    34     47       1951 -1.914505270566771600e+01 -1.782055710973307214e+03 -1.468749446313573117e+03
    34     48       1952 -2.012209769698432993e+01 -5.127733266459293873e+02 -7.321312262782589642e+02
    34     49       1953 -2.050568903371166130e+01 0.000000000000000000e+00 0.000000000000000000e+00
    35     16       1976 0.000000000000000000e+00 0.000000000000000000e+00 0.000000000000000000e+00
    35     42       2002 -1.271679743564174103e+01 0.000000000000000000e+00 0.000000000000000000e+00
    35     44       2004 -1.609958780901375874e+01 -2.251475252497502879e+03 0.000000000000000000e+00
    35     45       2005 -1.775743516063176841e+01 -1.751567377649436821e+03 -1.376635648844376874e+03
    35     46       2006 -1.865800958787953689e+01 -1.492750520354582250e+03 -1.232200110053953040e+03
    35     47       2007 -2.004742932148995394e+01 -6.131047184273285211e+02 -7.080529278545533316e+02
    35     48       2008 -1.997389737033921620e+01 0.000000000000000000e+00 0.000000000000000000e+00
    36      4       2020 0.000000000000000000e+00 0.000000000000000000e+00 0.000000000000000000e+00
    36      7       2023 0.000000000000000000e+00 0.000000000000000000e+00 0.000000000000000000e+00
    36     16       2032 0.000000000000000000e+00 0.000000000000000000e+00 0.000000000000000000e+00
    36     17       2033 0.000000000000000000e+00 0.000000000000000000e+00 0.000000000000000000e+00
    36     39       2055 -1.176211233416628232e+01 0.000000000000000000e+00 0.000000000000000000e+00
    36     41       2057 -1.349009860633617741e+01 0.000000000000000000e+00 0.000000000000000000e+00
    36     42       2058 -1.473986443031250637e+01 -2.592906928298074035e+03 -1.399258644690887195e+03
    36     43       2059 -1.609056430969678431e+01 0.000000000000000000e+00 -1.527381896512009689e+03
    36     44       2060 -1.757844202487208918e+01 -1.726686176927231372e+03 -1.486029459064959156e+03
    36     45       2061 -1.885229006865082368e+01 -1.326892865003780798e+03 -1.064603280866121167e+03
    36     46       2062 -1.955696424453585536e+01 -7.996282547383525525e+02 -6.358816134726507698e+02
    36     47       2063 -2.003405037687356227e+01 1.455049942460075556e+02 0.000000000000000000e+00
    37     16       2088 0.000000000000000000e+00 0.000000000000000000e+00 0.000000000000000000e+00
    37     32       2104 0.000000000000000000e+00 0.000000000000000000e+00 0.000000000000000000e+00
    37     35       2107 -6.237596421101741839e+00 0.000000000000000000e+00 0.000000000000000000e+00
    37     41       2113 -1.499637164773291254e+01 -1.934837278692660448e+03 0.000000000000000000e+00
    37     42       2114 -1.647649484397886965e+01 -1.989734794313729935e+03 -1.345978526053293990e+03
    37     43       2115 -1.749781840151350565e+01 -1.646492575629267094e+03 -1.144375773145863832e+03
    37     44       2116 -1.860327102014464984e+01 -1.253279590424595199e+03 -1.174952822213601394e+03
    37     45       2117 -1.968142078898219438e+01 -6.337998990388161928e+02 -6.533335877073990332e+02
    37     46       2118 -1.981746511794988663e+01 -7.704503945870740722e+01 -8.341708267363719642e+01
    37     47       2119 -1.983644806959986084e+01 0.000000000000000000e+00 0.000000000000000000e+00
    38      4       2132 0.000000000000000000e+00 0.000000000000000000e+00 0.000000000000000000e+00
    38     41       2169 -1.629559949912356842e+01 -2.219262315165826294e+03 0.000000000000000000e+00
    38     42       2170 -1.762496634732183409e+01 -1.785252672923594446e+03 -1.174288539747228697e+03
    38     43       2171 -1.847796734444545663e+01 -1.485052821224859144e+03 -9.527904344700767751e+02
    38     44       2172 -1.939568890582125960e+01 -9.167179611386924307e+02 -6.959141030074549690e+02
    38     45       2173 -1.977129561096878518e+01 8.872319125473514134e+01 -1.468905309600611986e+02
    38     46       2174 -1.966867902766857057e+01 0.000000000000000000e+00 0.000000000000000000e+00
    39     30       2214 0.000000000000000000e+00 0.000000000000000000e+00 0.000000000000000000e+00
    39     35       2219 -7.658440262318189973e+00 0.000000000000000000e+00 0.000000000000000000e+00
    39     37       2221 -1.047708744176572182e+01 0.000000000000000000e+00 0.000000000000000000e+00
    39     40       2224 -1.723888029399140720e+01 0.000000000000000000e+00 0.000000000000000000e+00
    39     41       2225 -1.821428690866588695e+01 -2.236838348430944734e+03 -9.826518436316717953e+02
    39     42       2226 -1.906509907591841824e+01 -1.777680821733231596e+03 -7.731391946985033883e+02
    39     43       2227 -1.965113489053520368e+01 -1.373897151715843847e+03 -4.667342448584454928e+02
    39     44       2228 -1.993250582801779558e+01 -4.636416316718635926e+02 5.292669464198512230e+01
    39     45       2229 -1.955277276518337004e+01 0.000000000000000000e+00 0.000000000000000000e+00
    40     11       2251 0.000000000000000000e+00 0.000000000000000000e+00 0.000000000000000000e+00
    40     14       2254 0.000000000000000000e+00 0.000000000000000000e+00 0.000000000000000000e+00
    40     29       2269 0.000000000000000000e+00 0.000000000000000000e+00 0.000000000000000000e+00
    40     33       2273 -6.883520076027802581e+00 0.000000000000000000e+00 0.000000000000000000e+00
    40     34       2274 -8.157271141446686968e+00 0.000000000000000000e+00 -1.425232751963803594e+03
    40     35       2275 -9.532257609185501579e+00 -2.179910984293822366e+03 0.000000000000000000e+00
    40     39       2279 -1.723680581550571844e+01 0.000000000000000000e+00 0.000000000000000000e+00
    40     40       2280 -1.879411956633125413e+01 -1.686024672437591789e+03 -1.238764639178842344e+03
    40     41       2281 -1.953899988873375548e+01 -1.396045728583361097e+03 -7.578705812735646532e+02
    40     42       2282 -2.020259144654125549e+01 -1.019046195339073961e+03 -5.010111411243681800e+02
    40     43       2283 -2.047010886879176184e+01 -6.276327098713652504e+02 7.243919987903566948e+01
    40     44       2284 -2.006796611792237783e+01 0.000000000000000000e+00 0.000000000000000000e+00
    41      5       2301 -1.370163544392372978e+00 0.000000000000000000e+00 0.000000000000000000e+00
    41     11       2307 0.000000000000000000e+00 0.000000000000000000e+00 0.000000000000000000e+00
    41     14       2310 -2.161192368540186259e-01 -2.167977436732072078e+02 0.000000000000000000e+00
    41     34       2330 -9.320373492033333207e+00 -1.843295379324621081e+03 0.000000000000000000e+00
    41     35       2331 -1.081929636116577420e+01 0.000000000000000000e+00 0.000000000000000000e+00
    41     37       2333 -1.498919992315497041e+01 0.000000000000000000e+00 0.000000000000000000e+00
    41     38       2334 -1.710759249790915604e+01 0.000000000000000000e+00 -1.768337330070121652e+03
    41     39       2335 -1.827558346365864850e+01 -1.602366596081182706e+03 -1.386100650474099666e+03
    41     40       2336 -1.968360460020351255e+01 -1.034858548850562329e+03 -1.056229698647581699e+03
    41     41       2337 -2.023854371880913305e+01 -6.690397214019681087e+02 -4.622669834491483698e+02
    41     42       2338 -2.054270912731617926e+01 -2.525771868060767815e+02 -1.736138501260894316e+02
    41     43       2339 -2.056119805051134719e+01 0.000000000000000000e+00 0.000000000000000000e+00
    42      8       2360 -6.850817721961864892e-01 0.000000000000000000e+00 0.000000000000000000e+00
    42     12       2364 -1.921059883146832292e-01 0.000000000000000000e+00 0.000000000000000000e+00
    42     14       2366 -3.143552536058452640e-01 -1.261179181945099828e+02 0.000000000000000000e+00
    42     15       2367 -5.186861684496447689e-01 0.000000000000000000e+00 -6.343060574835710241e+01
    42     16       2368 -4.322384737080373074e-01 0.000000000000000000e+00 0.000000000000000000e+00
    42     27       2379 -2.290978226631442460e+00 0.000000000000000000e+00 0.000000000000000000e+00
    42     29       2381 -3.771511683699183326e+00 0.000000000000000000e+00 0.000000000000000000e+00
    42     30       2382 -4.917042407054341702e+00 0.000000000000000000e+00 -8.989649675472352328e+02
    42     31       2383 -5.442201784846064427e+00 0.000000000000000000e+00 -1.460080513491213196e+03
    42     32       2384 -7.630543098213424358e+00 0.000000000000000000e+00 -2.135412048154939839e+03
    42     33       2385 -9.410778870175908750e+00 0.000000000000000000e+00 -1.721583699019592586e+03
    42     34       2386 -1.083003690284462195e+01 -2.706260599195414216e+03 0.000000000000000000e+00
    42     36       2388 -1.485294565895940799e+01 0.000000000000000000e+00 0.000000000000000000e+00
    42     37       2389 -1.708813487961638700e+01 -2.306864952836153861e+03 -2.019822239834812535e+03
    42     38       2390 -1.860670375186421666e+01 -1.528743993604058232e+03 -1.330183104483294528e+03
    42     39       2391 -1.956022648006721099e+01 -1.235996627858926558e+03 -9.082541495498605855e+02
    42     40       2392 -2.029465742276051898e+01 -5.598293953926811355e+02 -5.105714637447950395e+02
    42     41       2393 -2.050910293376692906e+01 -1.841813318601194851e+02 -1.475249836437572526e+02
    42     42       2394 -2.056882664930774851e+01 0.000000000000000000e+00 0.000000000000000000e+00
    43      6       2414 -4.567211814641243262e-01 0.000000000000000000e+00 0.000000000000000000e+00
    43     14       2422 -3.989893603458805615e-01 -1.476724154870840096e+02 0.000000000000000000e+00
    43     15       2423 -5.319858137945073784e-01 -8.624638811300857810e+01 0.000000000000000000e+00
    43     18       2426 -6.522117856386859813e-01 0.000000000000000000e+00 0.000000000000000000e+00
    43     22       2430 -1.422042509666915588e+00 0.000000000000000000e+00 0.000000000000000000e+00
    43     23       2431 -1.599198709786572081e+00 0.000000000000000000e+00 0.000000000000000000e+00
    43     25       2433 -2.529520447941327799e+00 0.000000000000000000e+00 0.000000000000000000e+00
    43     26       2434 -3.500492483759946705e+00 0.000000000000000000e+00 -7.951855744678553037e+02
    43     27       2435 -4.007340736603952180e+00 -2.222408317659825116e+03 0.000000000000000000e+00
    43     29       2437 -5.656685528136134344e+00 -2.306005638112236738e+03 0.000000000000000000e+00
    43     30       2438 -6.965632513456998964e+00 -2.366298202439554188e+03 -1.184974281129096880e+03
    43     31       2439 -7.858912392434937999e+00 -2.617184452685883571e+03 -1.381540515072658081e+03
    43     32       2440 -9.533169788199549188e+00 -2.260099222808276409e+03 -1.915138045059316710e+03
    43     33       2441 -1.141811913542992585e+01 -2.482522196621208423e+03 -1.996956567475608381e+03
    43     34       2442 -1.324443295210749127e+01 -2.826876082123456399e+03 -1.979037694088880244e+03
    43     35       2443 -1.509608079653004253e+01 0.000000000000000000e+00 -1.864437316487854332e+03
    43     36       2444 -1.670941443783089753e+01 -2.332950773973640935e+03 -1.742334115667814103e+03
    43     37       2445 -1.833413841281170420e+01 -1.576436230601267653e+03 -1.406996638164446267e+03
    43     38       2446 -1.932426088968083278e+01 -8.069244686670135707e+02 -9.328326133491719929e+02
    43     39       2447 -2.006777016645125755e+01 -4.945125451973116242e+02 -6.301414928226633947e+02
    43     40       2448 -2.049535341540311606e+01 1.029434030107585727e+02 -2.355903908737400059e+02
    43     41       2449 -2.050560539715216990e+01 0.000000000000000000e+00 0.000000000000000000e+00
    44      5       2469 -6.850817721961864892e-01 0.000000000000000000e+00 0.000000000000000000e+00
    44      7       2471 -6.384687119452706616e-01 0.000000000000000000e+00 0.000000000000000000e+00
    44      8       2472 -7.448801639361491977e-01 0.000000000000000000e+00 0.000000000000000000e+00
    44     12       2476 -5.186861684496447689e-01 0.000000000000000000e+00 0.000000000000000000e+00
    44     14       2478 -5.284792515520795320e-01 -5.503247240855633891e+02 0.000000000000000000e+00
    44     15       2479 -6.437428445408894806e-01 0.000000000000000000e+00 0.000000000000000000e+00
    44     17       2481 -9.636778534962557874e-01 0.000000000000000000e+00 0.000000000000000000e+00
    44     18       2482 -1.287834227018891387e+00 -1.054517392512788319e+03 -2.301048310609702980e+02
    44     19       2483 -1.391318392736110798e+00 0.000000000000000000e+00 0.000000000000000000e+00
    44     21       2485 -2.274761159625620532e+00 0.000000000000000000e+00 0.000000000000000000e+00
    44     22       2486 -2.925097971737602887e+00 -1.755431385459826743e+03 0.000000000000000000e+00
    44     24       2488 -3.655042955163924301e+00 0.000000000000000000e+00 0.000000000000000000e+00
    44     25       2489 -4.144733436502082036e+00 -2.075734212943387774e+03 -7.492661218075988927e+02
    44     26       2490 -5.047523794816771492e+00 -2.028446623699277552e+03 -7.364818213104609868e+02
    44     27       2491 -5.513455169780705489e+00 -2.256701072182202097e+03 -5.643462536255875648e+02
    44     28       2492 -6.096338524632208156e+00 0.000000000000000000e+00 -8.618691399296193367e+02
    44     29       2493 -7.115204172851542275e+00 -2.908033305982929960e+03 -1.211659453417607665e+03
    44     30       2494 -8.348158704354030846e+00 -2.889974967414603725e+03 -1.141750528811683353e+03
    44     31       2495 -9.237101438402847364e+00 -3.038928564587228720e+03 -1.377222755610690001e+03
    44     32       2496 -1.090767159744361692e+01 -2.991556303906818812e+03 -2.030346889832404713e+03
    44     33       2497 -1.301041916845012203e+01 -2.923850962008226361e+03 -2.163790017239145072e+03
    44     34       2498 -1.492898799270340326e+01 -2.570004145967621753e+03 -2.061192502084350963e+03
    44     35       2499 -1.684106222363631389e+01 -2.047973759843885318e+03 -1.779280198177001921e+03
    44     36       2500 -1.823570841182227653e+01 -1.521342308945056857e+03 -1.362899912286230119e+03
    44     37       2501 -1.937395669061777070e+01 -7.820039277935162545e+02 -8.291976353102133999e+02
    44     38       2502 -1.977673874250018926e+01 -1.696817010401525181e+02 -4.860528587723280225e+02
    44     39       2503 -2.027726630678743902e+01 3.469927614024204559e+02 -1.983639785096475237e+02
    44     40       2504 -2.014539018864541120e+01 0.000000000000000000e+00 0.000000000000000000e+00
    45      0       2520 0.000000000000000000e+00 0.000000000000000000e+00 0.000000000000000000e+00
    45      3       2523 0.000000000000000000e+00 0.000000000000000000e+00 0.000000000000000000e+00
    45      9       2529 -8.644769474160746148e-01 0.000000000000000000e+00 0.000000000000000000e+00
    45     13       2533 -1.008958832266445560e+00 0.000000000000000000e+00 0.000000000000000000e+00
    45     14       2534 -1.196956466803658081e+00 -8.647899131035291020e+02 0.000000000000000000e+00
    45     16       2536 -1.447196853806499650e+00 0.000000000000000000e+00 0.000000000000000000e+00
    45     17       2537 -1.765265216659011926e+00 0.000000000000000000e+00 -3.949819333816955691e+02
    45     18       2538 -2.181254831653097082e+00 -1.273367181881737224e+03 -2.461617402608831071e+02
    45     19       2539 -2.222746873432625669e+00 -1.332045078912411327e+03 -3.342382419364938642e+02
    45     20       2540 -2.802423111159712654e+00 0.000000000000000000e+00 -5.878191326279369378e+02
    45     21       2541 -3.315185001278400989e+00 -1.699568897487087270e+03 -6.268540610454026591e+02
    45     22       2542 -3.967406077636933759e+00 -1.764905796011999882e+03 -5.062786884390161504e+02
    45     23       2543 -4.256083505370827247e+00 0.000000000000000000e+00 -4.372686126053839075e+02
    45     24       2544 -4.780052141715798619e+00 -2.232836870894208914e+03 -6.904844263229559829e+02
    45     25       2545 -5.539320936970998588e+00 -2.419340606131864206e+03 -8.941136634528037348e+02
    45     26       2546 -6.441726290049374803e+00 -2.308198500162488472e+03 -9.363781571015986174e+02
    45     27       2547 -7.279541940541530032e+00 -2.885306217790429400e+03 -1.011068418147680859e+03
    45     28       2548 -8.320756128542841523e+00 -3.344649007083971355e+03 -1.395656950439963566e+03
    45     29       2549 -9.873314040536486758e+00 -3.604582162175026497e+03 -1.525629280916687321e+03
    45     30       2550 -1.115607655777126617e+01 -3.675122905348543554e+03 -1.287100381424972056e+03
    45     31       2551 -1.226533813942450912e+01 -4.067970944747415160e+03 -1.460795530643193615e+03
    45     32       2552 -1.387090607944220189e+01 -3.733725312330895122e+03 -1.825353075702099204e+03
    45     33       2553 -1.565768314147073426e+01 -3.049009750056442954e+03 -1.668056358096846907e+03
    45     34       2554 -1.697092148185674532e+01 -2.449692880833785694e+03 -1.295667463960710393e+03
    45     35       2555 -1.806562881739998261e+01 -1.545463906386849430e+03 -1.046258376424199923e+03
    45     36       2556 -1.891535043719539999e+01 -7.970431973771961793e+02 -7.546087891884778855e+02
    45     37       2557 -1.946803878869775772e+01 -8.892381736714550300e+01 -3.524143081338428374e+02
    45     38       2558 -1.957029820196555647e+01 3.063382692251331036e+02 -5.197542765773728490e+01
    45     39       2559 -1.956463302276182858e+01 0.000000000000000000e+00 0.000000000000000000e+00
    46      0       2576 0.000000000000000000e+00 0.000000000000000000e+00 0.000000000000000000e+00
    46      1       2577 0.000000000000000000e+00 0.000000000000000000e+00 0.000000000000000000e+00
    46      9       2585 -8.807987525867991829e-01 0.000000000000000000e+00 0.000000000000000000e+00
    46     11       2587 -1.126951796081644419e+00 0.000000000000000000e+00 0.000000000000000000e+00
    46     13       2589 -1.548667692701491072e+00 -9.085108288376994778e+02 0.000000000000000000e+00
    46     14       2590 -1.782418743003684192e+00 -9.475038708527017661e+02 0.000000000000000000e+00
    46     16       2592 -2.370080148906795525e+00 -1.387684063545718800e+03 0.000000000000000000e+00
    46     18       2594 -3.134207978939370864e+00 -1.475034524095897268e+03 0.000000000000000000e+00
    46     19       2595 -3.322774696207217104e+00 -1.793655908187034584e+03 -4.950609397511527732e+02
    46     20       2596 -4.054258749953720375e+00 -1.892618572334027021e+03 -7.621095345887626991e+02
    46     21       2597 -4.739124500027799058e+00 -1.986579424744780908e+03 -7.694224815936352115e+02
    46     22       2598 -5.484199370560619791e+00 -2.168372436349387499e+03 -6.964948192300529399e+02
    46     23       2599 -6.033532004207425636e+00 -2.573735376881789762e+03 -7.578544274625841126e+02
    46     24       2600 -6.892641229565040106e+00 -2.853863538053353295e+03 -8.712746985889185680e+02
    46     25       2601 -7.652760858346009165e+00 -2.925322363678938018e+03 -8.080641973924398371e+02
    46     26       2602 -8.394395919025519959e+00 -3.013824983696920299e+03 -1.100033956797120709e+03
    46     27       2603 -9.697129558898090806e+00 -3.237995822681732079e+03 -1.372997762856783993e+03
    46     28       2604 -1.094605683364410176e+01 -3.321783424644262595e+03 -1.423057131151627118e+03
    46     29       2605 -1.234182378860574580e+01 -3.106925192301220250e+03 -1.469499277710740216e+03
    46     30       2606 -1.367706191787150871e+01 -3.064438668211949334e+03 -1.503292190362875999e+03
    46     31       2607 -1.513563163678388257e+01 -3.100565922203123137e+03 -1.422945078610575592e+03
    46     32       2608 -1.632154790245515841e+01 -2.481385634601008860e+03 -1.235340758394138902e+03
    46     33       2609 -1.743146256579494491e+01 -1.784384482779488053e+03 -1.161972027187643107e+03
    46     34       2610 -1.848102600640025628e+01 -1.363728384623429520e+03 -8.881074318738379816e+02
    46     35       2611 -1.908197437520940554e+01 -6.951113348849694376e+02 -4.898624673418607927e+02
    46     36       2612 -1.939141562630324955e+01 -9.747685157013361135e+00 -2.264893134434697402e+02
    46     37       2613 -1.950289562091487383e+01 4.080375236735230260e+02 3.167423678323885028e+01
    46     38       2614 -1.933255033592433492e+01 0.000000000000000000e+00 0.000000000000000000e+00
    47      8       2640 -1.311405045777763956e+00 0.000000000000000000e+00 0.000000000000000000e+00
    47     12       2644 -1.828457945713337196e+00 0.000000000000000000e+00 0.000000000000000000e+00
    47     13       2645 -2.326293354130414492e+00 -8.126968334540051728e+02 -3.994559131510256975e+02
    47     14       2646 -2.570830634347547772e+00 -9.867173588199360665e+02 -1.881382027985430909e+02
    47     15       2647 -2.675940608929111342e+00 0.000000000000000000e+00 -4.780833856920589255e+02
    47     16       2648 -3.459329306523603265e+00 -1.496686885523955198e+03 0.000000000000000000e+00
    47     18       2650 -4.320044857985124942e+00 -1.925172826360464569e+03 0.000000000000000000e+00
    47     19       2651 -4.823535739342950990e+00 -2.295838906294372464e+03 -6.600424830300993335e+02
    47     20       2652 -5.546707166910810116e+00 -2.141202870400000393e+03 -7.383404472385049075e+02
    47     21       2653 -6.195711653876479375e+00 -2.346935082144611442e+03 -8.420006375806274264e+02
    47     22       2654 -7.111531360453593464e+00 -2.448096853389056378e+03 -9.643850270233454012e+02
    47     23       2655 -7.987982294564724306e+00 -2.753891019146930830e+03 -9.720972515569404777e+02
    47     24       2656 -8.918134859096531031e+00 -2.801254444254027021e+03 -9.647969435159267277e+02
    47     25       2657 -9.781018465425443509e+00 -2.965015919856959954e+03 -1.018917562505046362e+03
    47     26       2658 -1.081175201550974130e+01 -3.081440036209647133e+03 -1.180329858442512204e+03
    47     27       2659 -1.197461385765566355e+01 -2.918415886779347147e+03 -1.251341404064045719e+03
    47     28       2660 -1.313731949855539405e+01 -2.762118174365165942e+03 -1.293394022914457992e+03
    47     29       2661 -1.437833443517882159e+01 -2.517735762723923472e+03 -1.324845717888829313e+03
    47     30       2662 -1.559949178148965565e+01 -2.147168055504144377e+03 -1.282138800212850811e+03
    47     31       2663 -1.676113763568217863e+01 -1.699797832166894295e+03 -1.005890339857240861e+03
    47     32       2664 -1.746889837051834604e+01 -1.190444519628744956e+03 -7.984520318950545743e+02
    47     33       2665 -1.824502850360700634e+01 -7.755360115729088193e+02 -7.960463431834905350e+02
    47     34       2666 -1.894831836308991413e+01 -2.984973388010205326e+02 -4.458030766816297046e+02
    47     35       2667 -1.907353552463693092e+01 2.064947319063342093e+02 1.013411774858096237e+01
    47     36       2668 -1.892948451436652491e+01 0.000000000000000000e+00 1.060815992311744367e+02
    47     37       2669 -1.887638715495917552e+01 0.000000000000000000e+00 0.000000000000000000e+00
    48      0       2688 -5.480654177569491692e-01 0.000000000000000000e+00 0.000000000000000000e+00
    48      8       2696 -1.485560410478975912e+00 -2.078385601613164226e+02 0.000000000000000000e+00
    48     10       2698 -1.924950398265148355e+00 0.000000000000000000e+00 0.000000000000000000e+00
    48     11       2699 -2.086335560233489872e+00 0.000000000000000000e+00 0.000000000000000000e+00
    48     13       2701 -2.727072573013324064e+00 -6.310660369212391743e+02 0.000000000000000000e+00
    48     14       2702 -3.213152201358694615e+00 -8.345814979251210843e+02 -5.403528948712955753e+02
    48     15       2703 -3.731296614191102368e+00 -1.290975769809458370e+03 -7.140933970814206759e+02
    48     16       2704 -4.540265952023947449e+00 -1.366129620908782272e+03 -9.112994630718357030e+02
    48     17       2705 -5.424909877329285202e+00 0.000000000000000000e+00 -7.454719527135936232e+02
    48     18       2706 -5.925695481585449009e+00 -1.953219635284854803e+03 -6.601249745317878705e+02
    48     19       2707 -6.651725493380692633e+00 -2.176372967962769053e+03 -6.636102529940342265e+02
    48     20       2708 -7.158988346958932603e+00 -2.110539423075611467e+03 -8.019754031867392996e+02
    48     21       2709 -8.142164404613307482e+00 -2.307010183870381297e+03 -1.008864964240685140e+03
    48     22       2710 -9.033923155319250498e+00 -2.258420567529547043e+03 -1.014006876438638528e+03
    48     23       2711 -1.002665524921553342e+01 -2.330857149984535681e+03 -1.033392349381943632e+03
    48     24       2712 -1.095444111879886329e+01 -2.319365601238435374e+03 -1.035996958316063456e+03
    48     25       2713 -1.195201377325165559e+01 -2.403987458535312726e+03 -1.026668462899265933e+03
    48     26       2714 -1.286246301069239983e+01 -2.329990636117855047e+03 -1.063676034419945381e+03
    48     27       2715 -1.392881274282796156e+01 -2.180863644414399005e+03 -1.123858895359836652e+03
    48     28       2716 -1.495110939775518588e+01 -1.968019759836912044e+03 -1.110441540853202014e+03
    48     29       2717 -1.599252351819614049e+01 -1.661963059121194419e+03 -9.897075863583808086e+02
    48     30       2718 -1.679044099270083379e+01 -1.268227696455391424e+03 -8.651268968101852579e+02
    48     31       2719 -1.760032693091450184e+01 -9.007553537984949799e+02 -6.764975386304946596e+02
    48     32       2720 -1.804768435817248218e+01 -6.004854365499148798e+02 -5.142202503169307874e+02
    48     33       2721 -1.855598450715773495e+01 -2.764639261395896597e+02 -4.660638008766584335e+02
    48     34       2722 -1.891384511719740047e+01 2.606523547708429760e+02 -1.219148954017775139e+02
    48     35       2723 -1.878255841858149111e+01 0.000000000000000000e+00 0.000000000000000000e+00
    49      3       2747 -6.850817721961864892e-01 0.000000000000000000e+00 0.000000000000000000e+00
    49      6       2750 -1.239646975689808750e+00 0.000000000000000000e+00 0.000000000000000000e+00
    49      7       2751 -1.375163379574429134e+00 0.000000000000000000e+00 -2.007698001517330511e+02
    49      8       2752 -1.612769544234298191e+00 0.000000000000000000e+00 -3.533605052534625770e+02
    49      9       2753 -2.031869613493606508e+00 0.000000000000000000e+00 -3.173246975749270860e+02
    49     10       2754 -2.202504684341414887e+00 -3.735178704889960954e+02 -2.243328860797621758e+02
    49     11       2755 -2.448783225998174551e+00 -4.013538188977913137e+02 -2.619143650105923484e+02
    49     12       2756 -2.689261958281987663e+00 0.000000000000000000e+00 -4.264561769860427489e+02
    49     13       2757 -3.241334814974401901e+00 -6.688556527731470851e+02 -5.874252812689280745e+02
    49     14       2758 -3.780968129276747192e+00 -8.006186880185393875e+02 -7.030079412884681460e+02
    49     15       2759 -4.547846693566131471e+00 -1.058486097144116229e+03 -8.928038079498194293e+02
    49     16       2760 -5.440207964036637200e+00 -1.206967598410424898e+03 -9.882399248207746041e+02
    49     17       2761 -6.384450698793346923e+00 -1.227127838915226448e+03 -9.211887365947638955e+02
    49     18       2762 -7.152200042789147005e+00 -1.467403501359561233e+03 -8.581359604866285054e+02
    49     19       2763 -7.979261738577108076e+00 -1.634549262572024190e+03 -7.827853279410375080e+02
    49     20       2764 -8.606974973877203894e+00 -1.855267870973329082e+03 -8.402652194297304504e+02
    49     21       2765 -9.540860727544940190e+00 -1.792923336857361392e+03 -9.573793361783124283e+02
    49     22       2766 -1.038622582094832225e+01 -1.742027749491652685e+03 -9.829907250378834078e+02
    49     23       2767 -1.136770930688481940e+01 -1.719653242219290178e+03 -1.019647320913578028e+03
    49     24       2768 -1.228119920390358466e+01 -1.621148300745116558e+03 -1.021854115069425006e+03
    49     25       2769 -1.326678392769087544e+01 -1.505819584017033776e+03 -1.027207346178747457e+03
    49     26       2770 -1.419022258861742536e+01 -1.392694333108994442e+03 -1.006245898012777502e+03
    49     27       2771 -1.513685130719781746e+01 -1.008236784373279534e+03 -9.689272478186692297e+02
    49     28       2772 -1.599093476328521568e+01 -7.318442290890020558e+02 -8.885413660474678181e+02
    49     29       2773 -1.678816956575613162e+01 -4.256455643131041597e+02 -7.788592916943860018e+02
    49     30       2774 -1.743841331450218490e+01 -2.062892251247207582e+02 -6.882351302962242698e+02
    49     31       2775 -1.806722677149426204e+01 1.501603777529643580e+00 -4.849095668786432043e+02
    49     32       2776 -1.833959816884190985e+01 4.997956770247887448e+01 -3.113721358410154494e+02
    49     33       2777 -1.864589931592265515e+01 0.000000000000000000e+00 -1.241759837623597633e+02
    49     34       2778 -1.857037422170411389e+01 0.000000000000000000e+00 0.000000000000000000e+00
    50      0       2800 -9.134423629282486523e-01 0.000000000000000000e+00 0.000000000000000000e+00
    50      2       2802 -5.480654177569491692e-01 0.000000000000000000e+00 0.000000000000000000e+00
    50      3       2803 -5.480654177569491692e-01 0.000000000000000000e+00 0.000000000000000000e+00
    50      5       2805 -7.206535248437447860e-01 0.000000000000000000e+00 0.000000000000000000e+00
    50      6       2806 -1.219567503581721946e+00 0.000000000000000000e+00 -3.297278821439411445e+02
    50      7       2807 -1.333439482758242534e+00 -1.202732125314818461e+02 0.000000000000000000e+00
    50      9       2809 -2.167248333815176231e+00 -1.189233640218801753e+02 0.000000000000000000e+00
    50     10       2810 -2.466548769698727828e+00 -1.593832039064031392e+02 -2.696036683044599727e+02
    50     11       2811 -2.668295867511734087e+00 -1.964608435477001365e+02 -3.536605330922220674e+02
    50     12       2812 -3.123812593244174707e+00 -4.108535398627650466e+02 -5.534760269001101278e+02
    50     13       2813 -3.696908719786794695e+00 -4.404373062554703324e+02 -6.727244645998365513e+02
    50     14       2814 -4.374043852948104494e+00 -6.134842307093924774e+02 -8.443473883651124652e+02
    50     15       2815 -5.266094254924674090e+00 -8.856936783710254986e+02 -1.031131844617964134e+03
    50     16       2816 -6.290360759579995964e+00 -9.758294304315168120e+02 -1.042875836561821416e+03
    50     17       2817 -7.204236896481569730e+00 -9.933177700457405308e+02 -9.486672664998243363e+02
    50     18       2818 -8.053420576858190572e+00 -1.055847311450396546e+03 -9.780002101875419385e+02
    50     19       2819 -9.021810805438196468e+00 -1.132526439566264344e+03 -9.662268331111015414e+02
    50     20       2820 -9.849114139807179313e+00 -1.211259281738112122e+03 -9.255408154651603354e+02
    50     21       2821 -1.074189104707876652e+01 -1.199632580356183098e+03 -9.205136203702742250e+02
    50     22       2822 -1.155985154231078482e+01 -1.131459810399955131e+03 -9.568406420502969922e+02
    50     23       2823 -1.252014075285994466e+01 -1.020333334219818767e+03 -9.390807078600907971e+02
    50     24       2824 -1.330509512736452926e+01 -7.784487216111475618e+02 -8.691612924787347083e+02
    50     25       2825 -1.413544192706054226e+01 -6.077093378081221999e+02 -8.484258507483700669e+02
    50     26       2826 -1.488186032019496530e+01 -3.975972007464837930e+02 -6.754557776760431125e+02
    50     27       2827 -1.539074922185402805e+01 -3.791879944332595898e+01 -6.082554676779361671e+02
    50     28       2828 -1.601227855172032122e+01 1.171693345908375505e+02 -6.558966627134545888e+02
    50     29       2829 -1.660970669108718312e+01 1.451449388300456746e+02 -5.796630697108348613e+02
    50     30       2830 -1.708955896589332468e+01 4.412668095185358652e+02 -5.318613912856752677e+02
    50     31       2831 -1.759814961565142255e+01 0.000000000000000000e+00 -4.765534557199627557e+02
    50     32       2832 -1.797521432497921268e+01 0.000000000000000000e+00 0.000000000000000000e+00
    51      7       2863 -1.549558719612261104e+00 3.593599504708715386e+01 0.000000000000000000e+00
    51      8       2864 -1.893576829741416390e+00 0.000000000000000000e+00 -3.523073367449487705e+02
    51      9       2865 -2.204307682374571975e+00 0.000000000000000000e+00 -2.905806547098326860e+02
    51     10       2866 -2.433609245835527179e+00 1.597675130453712882e+02 -2.848285869567624218e+02
    51     11       2867 -2.733650112759450135e+00 -1.750428731129774818e+01 -4.581146325004447704e+02
    51     12       2868 -3.284996796339622716e+00 -1.594696635320565292e+02 -6.168096318476100350e+02
    51     13       2869 -3.879965913064213012e+00 -1.363820745201454372e+02 -7.455202533640099318e+02
    51     14       2870 -4.670516090710035151e+00 -1.950672061694237982e+02 -1.050402471853667066e+03
    51     15       2871 -5.832096502462211340e+00 -5.115896908502740530e+02 -1.175510015975411534e+03
    51     16       2872 -6.855154000291244998e+00 -3.698855683108105836e+02 -1.072209572750126199e+03
    51     17       2873 -7.824754708527887459e+00 -3.959772971336965384e+02 -9.836196774060084635e+02
    51     18       2874 -8.683171462216600744e+00 -4.351087304077272506e+02 -9.667482868390014801e+02
    51     19       2875 -9.621417372179193350e+00 -4.476472906784692327e+02 -9.040396700311762288e+02
    51     20       2876 -1.036329269306514078e+01 -2.879636621302288972e+02 -8.926222607607544433e+02
    51     21       2877 -1.128031980881723051e+01 -2.469819151045550427e+02 -8.951188013022936047e+02
    51     22       2878 -1.202683484951477588e+01 -1.457120964654779129e+02 -8.430992347796122885e+02
    51     23       2879 -1.284718570090417344e+01 -3.244295234445228004e+01 -7.442237017266730845e+02
    51     24       2880 -1.340994455500873350e+01 1.294886350794841974e+02 -6.999197677802267208e+02
    51     25       2881 -1.414795833369979583e+01 1.384390298169947471e+02 -7.300622774238746615e+02
    51     26       2882 -1.476673582512986549e+01 1.427753796375154423e+02 -5.616882701112516543e+02
    51     27       2883 -1.519183330845611302e+01 3.266900563489782030e+02 -5.673000278767781310e+02
    51     28       2884 -1.582104002514785179e+01 4.731671646642679434e+02 -7.457127724468269889e+02
    51     29       2885 -1.657771039176998329e+01 5.289059621119826033e+02 -5.259944317825007829e+02
    51     30       2886 -1.679857944232344735e+01 0.000000000000000000e+00 0.000000000000000000e+00
    52      5       2917 -9.535745966844684229e-01 0.000000000000000000e+00 0.000000000000000000e+00
    52      6       2918 -1.239646975689808972e+00 0.000000000000000000e+00 -1.763599985585252625e+02
    52      7       2919 -1.281332534386890210e+00 6.749605774273048553e+01 -2.869988588598404249e+02
    52      8       2920 -1.773022768793105941e+00 4.461265663528195091e+01 0.000000000000000000e+00
    52     10       2922 -2.234886962567292468e+00 5.495143607063558733e+01 0.000000000000000000e+00
    52     11       2923 -2.693676965043943383e+00 -1.809327215804648503e+01 -6.027333280960258435e+02
    52     12       2924 -3.355042520607361300e+00 -2.296165317389514016e+01 -6.462259473242237391e+02
    52     13       2925 -3.894661800131098861e+00 3.116256764719587835e+01 -7.004981078045955201e+02
    52     14       2926 -4.656889974990799708e+00 1.743556254483736154e+02 -1.137089012971586271e+03
    52     15       2927 -6.007895826678065099e+00 2.067662299149455407e+02 -1.167527293742547954e+03
    52     16       2928 -6.826692317563165524e+00 3.971334934803986698e+02 -9.526736165422365730e+02
    52     17       2929 -7.778401283774516450e+00 6.404204852160614792e+02 -9.995551845569652869e+02
    52     18       2930 -8.684325276215272282e+00 5.896455534775515162e+02 -1.018313778450490304e+03
    52     19       2931 -9.670896331896978282e+00 4.813623408760671509e+02 -8.514224302535509423e+02
    52     20       2932 -1.026665949108475928e+01 4.645535308222638946e+02 -7.689792066621812410e+02
    52     21       2933 -1.110001314393869265e+01 3.561376158788168595e+02 -8.095271887972171498e+02
    52     22       2934 -1.177113309101034133e+01 1.852506740235655229e+02 -7.894546888703878267e+02
    52     23       2935 -1.256718281307315266e+01 2.888763293706783770e+02 -7.243656921220342610e+02
    52     24       2936 -1.311733748731803573e+01 4.100235518981061773e+02 -7.358370557182998937e+02
    52     25       2937 -1.393470627552780527e+01 4.775307533315162800e+02 -8.380593682507786752e+02
    52     26       2938 -1.467483699091956595e+01 4.903384143467242779e+02 -5.285799975950723137e+02
    52     27       2939 -1.491705086238727951e+01 0.000000000000000000e+00 -3.504797091489162426e+02
    52     28       2940 -1.532618938157561850e+01 0.000000000000000000e+00 -4.981253110726428304e+02
    52     29       2941 -1.584279664379454822e+01 0.000000000000000000e+00 0.000000000000000000e+00
    53      3       2971 -1.152635929888099264e+00 0.000000000000000000e+00 0.000000000000000000e+00
    53      5       2973 -1.072904740901482468e+00 0.000000000000000000e+00 0.000000000000000000e+00
    53      6       2974 -1.321198128880198830e+00 0.000000000000000000e+00 -2.038167243220670173e+02
    53      7       2975 -1.451689895012805653e+00 -4.691849435970554794e+01 -2.731781976639491063e+02
    53      8       2976 -1.828888781088317206e+00 1.350776419899882619e+01 -3.041535974895408572e+02
    53      9       2977 -2.016947077325962567e+00 0.000000000000000000e+00 -2.825142110753557745e+02
    53     10       2978 -2.353930037328502145e+00 7.517985476267048739e+01 -3.997601803751509237e+02
    53     11       2979 -2.759885234313001590e+00 0.000000000000000000e+00 -5.189033887273039909e+02
    53     12       2980 -3.318291037250033604e+00 3.022092471549222559e+00 -5.783796162019360736e+02
    53     13       2981 -3.834780401952483597e+00 0.000000000000000000e+00 -5.915708712278325265e+02
    53     14       2982 -4.417701619826762460e+00 1.935874274410039391e+02 -9.133943218541817259e+02
    53     15       2983 -5.532286875568617646e+00 4.099501593511257056e+02 -1.001695966964528338e+03
    53     16       2984 -6.279313136160358688e+00 5.503994290848661421e+02 -7.338671572735098607e+02
    53     17       2985 -6.896149361288042456e+00 8.724187146867653837e+02 -8.334193862948598053e+02
    53     18       2986 -7.828189420611976423e+00 8.709659888346118350e+02 -1.090847419037885857e+03
    53     19       2987 -8.923445252273316086e+00 7.780047299489704073e+02 -1.001638013837712151e+03
    53     20       2988 -9.689693233398941175e+00 6.867046858924023809e+02 -9.903241405763810690e+02
    53     21       2989 -1.076392268834294441e+01 4.725548978591314722e+02 -1.113034345917838209e+03
    53     22       2990 -1.175822263230871378e+01 2.390771994188398537e+02 -8.955773227195687696e+02
    53     23       2991 -1.242831698833616549e+01 4.422292931187486715e+02 -5.688531213529241768e+02
    53     24       2992 -1.281541319385403810e+01 0.000000000000000000e+00 -5.527292520341327418e+02
    53     25       2993 -1.345554198966996218e+01 0.000000000000000000e+00 -6.673996280266748045e+02
    53     26       2994 -1.405574845974935627e+01 0.000000000000000000e+00 0.000000000000000000e+00
    54      7       3031 -1.349364032055435425e+00 0.000000000000000000e+00 0.000000000000000000e+00
    54      8       3032 -1.753436602588235971e+00 0.000000000000000000e+00 0.000000000000000000e+00
    54     10       3034 -2.125876684556310625e+00 0.000000000000000000e+00 0.000000000000000000e+00
    54     12       3036 -3.350660507080752915e+00 0.000000000000000000e+00 0.000000000000000000e+00
    54     14       3038 -4.376189522038434809e+00 0.000000000000000000e+00 0.000000000000000000e+00
    54     15       3039 -5.413470884217254309e+00 3.435798608714874831e+02 -8.891381553184286304e+02
    54     16       3040 -6.028616889364563747e+00 5.405659538400914244e+02 -5.918499276668864013e+02
    54     17       3041 -6.513400081920511120e+00 7.175980929785290527e+02 -7.494451883540089057e+02
    54     18       3042 -7.421430516965032531e+00 8.532965360456787494e+02 -1.091976737502458718e+03
    54     19       3043 -8.542794765681827940e+00 8.916995216767138572e+02 -9.951853786259734989e+02
    54     20       3044 -9.270942367702600606e+00 0.000000000000000000e+00 -1.007294944909560741e+03
    54     21       3045 -1.041481175649662383e+01 0.000000000000000000e+00 -1.158771692121711112e+03
    54     22       3046 -1.142447277812456363e+01 0.000000000000000000e+00 -8.131151008996107521e+02
    54     23       3047 -1.192595334622119552e+01 0.000000000000000000e+00 0.000000000000000000e+00
    55     13       3093 -3.629976083021259292e+00 0.000000000000000000e+00 0.000000000000000000e+00
    55     15       3095 -5.034098414433515245e+00 5.232748269190515202e+02 0.000000000000000000e+00
    55     16       3096 -5.495496180176567158e+00 7.353423588863386158e+02 -4.420535049538285648e+02
    55     17       3097 -5.855637007776797631e+00 9.072636687962639144e+02 -5.894231167243564187e+02
    55     18       3098 -6.590915247713014402e+00 1.145543676427589844e+03 -9.550113302561181854e+02
    55     19       3099 -7.630487011437453226e+00 1.258361426360927453e+03 0.000000000000000000e+00
